5775.272317373687 0.4013032874586315
5741.62017026824 0.3439742463933726
5708.827958778767 0.2866452053272042
5677.155655737044 0.1685413145296479
5646.481136492659 0.2247217527060457
5616.593143382752 0.2809021908828981
5588.559104732667 0.2247217527060457
5559.626179071761 0.1685413145296479
5532.828110061555 0.2809021908828981
5506.367123680415 0.2247217527060457
5480.917385186449 0.2247217527060457
5456.422714141487 0.3370826290592959
5432.321306163762 0.2247217527060457
5409.512048264096 0.3370826290592959
5387.601677375255 0.3370826290592959
5365.74748692459 0.2809021908824434
5345.073085675631 0.3370826290592959
5325.241390999322 0.3370826290592959
5305.522057199364 0.2809021908824434
5287.207234353819 0.4494435054120913
5269.510396328216 0.4494435054120913
5252.319182246196 0.5056239435884891
5235.521231231418 0.2809021908828981
5219.67834766564 0.3370826290588411
5204.453448919803 0.2809021908824434
5190.127437184791 0.2809021908824434
5175.913786326124 0.3370826290588411
5164.284435623585 0.4494435054120913
5150.126965203102 0.3370826290588411
5138.048170995151 0.3932630672356936
5126.75590292167 0.4494435054125461
5115.519815286367 0.3370826290592959
5105.351155976417 0.3370826290588411
