 126.36 5.600000e-08 3.276314e+03  27.00
 126.36 5.700000e-08 3.276559e+03  27.00
 126.36 5.700000e-08 3.276806e+03  27.00
 126.43 5.800000e-08 3.277051e+03  27.00
 126.43 5.800000e-08 3.277298e+03  27.00
 126.50 6.000000e-08 3.277543e+03  27.00
 126.50 6.200000e-08 3.277790e+03  27.00
 126.58 6.000000e-08 3.278034e+03  27.00
 126.58 5.800000e-08 3.278281e+03  27.00
 126.67 5.800000e-08 3.278526e+03  27.00
 126.67 5.800000e-08 3.278773e+03  27.00
 126.74 5.800000e-08 3.279018e+03  27.00
 126.74 5.800000e-08 3.279264e+03  27.00
 126.81 5.700000e-08 3.279511e+03  27.00
 126.81 5.700000e-08 3.279755e+03  27.00
 126.81 5.600000e-08 3.280001e+03  27.00
 126.88 5.700000e-08 3.280247e+03  27.00
 126.88 5.600000e-08 3.280493e+03  27.00
 126.98 5.600000e-08 3.280738e+03  27.00
 126.98 5.600000e-08 3.280984e+03  27.00
 127.05 5.700000e-08 3.281231e+03  27.00
 127.05 5.700000e-08 3.281476e+03  27.00
 127.12 5.700000e-08 3.281722e+03  27.00
 127.12 5.600000e-08 3.281968e+03  27.00
 127.19 5.300000e-08 3.282214e+03  27.00
 127.19 5.000000e-08 3.282461e+03  27.00
 127.19 5.000000e-08 3.282706e+03  27.00
 127.24 4.700000e-08 3.282951e+03  27.00
 127.24 4.600000e-08 3.283197e+03  27.00
 127.31 4.500000e-08 3.283443e+03  27.00
 127.31 4.500000e-08 3.283689e+03  27.00
 127.38 4.300000e-08 3.283934e+03  27.00
 127.38 4.000000e-08 3.284181e+03  27.00
 127.45 3.700000e-08 3.284426e+03  27.00
 127.45 3.200000e-08 3.284672e+03  27.00
 127.53 2.800000e-08 3.284918e+03  27.00
 127.53 2.500000e-08 3.285164e+03  27.00
 127.60 2.100000e-08 3.285410e+03  27.00
 127.60 2.000000e-08 3.285656e+03  27.00
 127.60 1.600000e-08 3.285901e+03  27.00
 127.67 1.500000e-08 3.286147e+03  27.00
 127.67 1.000000e-08 3.286393e+03  27.00
 127.74 8.000000e-09 3.286639e+03  27.00
 127.74 6.000000e-09 3.286885e+03  27.00
 127.81 3.000000e-09 3.287131e+03  27.00
 127.81 2.000000e-09 3.287376e+03  27.00
 127.88 1.000000e-09 3.287622e+03  27.00
 127.88 0.000000e+00 3.287892e+03  27.00
 127.95 0.000000e+00 3.288163e+03  27.00
 127.95 0.000000e+00 3.288434e+03  27.00
 128.02 1.000000e-09 3.288680e+03  27.00
 128.02 1.000000e-09 3.288925e+03  27.00
 128.07 0.000000e+00 3.289172e+03  27.00
 128.07 1.000000e-09 3.289417e+03  27.00
 128.14 1.000000e-09 3.289663e+03  27.00
 128.14 1.000000e-09 3.289908e+03  27.00
 128.14 0.000000e+00 3.290155e+03  27.00
 128.21 0.000000e+00 3.290425e+03  27.00
 128.21 0.000000e+00 3.290695e+03  27.00
 128.29 0.000000e+00 3.290966e+03  27.00
 128.29 0.000000e+00 3.291212e+03  27.00
 128.33 2.000000e-09 3.291457e+03  27.00
 128.33 3.000000e-09 3.291704e+03  27.00
 128.40 6.000000e-09 3.291949e+03  27.00
 128.40 3.000000e-09 3.292195e+03  27.00
 128.48 2.000000e-09 3.292441e+03  27.00
 128.48 2.000000e-09 3.292687e+03  27.00
 128.52 2.000000e-09 3.292932e+03  27.00
 128.52 2.000000e-09 3.293179e+03  27.00
 128.59 2.000000e-09 3.293424e+03  27.00
 128.59 2.000000e-09 3.293670e+03  27.00
 128.59 2.000000e-09 3.293916e+03  27.00
 128.67 2.000000e-09 3.294162e+03  27.00
 128.67 6.000000e-09 3.294407e+03  27.00
 128.71 6.000000e-09 3.294653e+03  27.00
 128.71 7.000000e-09 3.294899e+03  27.00
 128.78 8.000000e-09 3.295145e+03  27.00
 128.78 1.000000e-08 3.295390e+03  27.00
 128.83 1.300000e-08 3.295636e+03  27.00
 128.83 1.500000e-08 3.295882e+03  27.00
 128.88 1.600000e-08 3.296128e+03  27.00
 128.88 1.600000e-08 3.296374e+03  27.00
 128.95 1.500000e-08 3.296620e+03  27.00
 128.95 1.600000e-08 3.296866e+03  27.00
 128.95 1.800000e-08 3.297112e+03  27.00
 129.00 1.800000e-08 3.297358e+03  27.00
 129.00 1.800000e-08 3.297603e+03  27.00
 129.05 1.800000e-08 3.297850e+03  27.00
 129.05 1.600000e-08 3.298095e+03  27.00
 129.12 1.800000e-08 3.298341e+03  27.00
 129.12 1.800000e-08 3.298587e+03  27.00
 129.16 2.000000e-08 3.298833e+03  27.00
 129.16 2.000000e-08 3.299078e+03  27.00
 129.21 2.100000e-08 3.299324e+03  27.00
 129.21 2.100000e-08 3.299571e+03  27.00
 129.26 2.100000e-08 3.299816e+03  27.00
 129.26 2.200000e-08 3.300062e+03  27.00
 129.26 2.200000e-08 3.300307e+03  27.00
 129.31 2.500000e-08 3.300554e+03  27.00
 129.31 2.600000e-08 3.300800e+03  27.00
 129.35 2.700000e-08 3.301045e+03  27.00
 129.35 2.800000e-08 3.301292e+03  27.00
 129.40 3.100000e-08 3.301537e+03  27.00
 129.40 3.200000e-08 3.301783e+03  27.00
 129.45 3.100000e-08 3.302028e+03  27.00
 129.45 3.200000e-08 3.302274e+03  27.00
 129.50 3.100000e-08 3.302520e+03  27.00
 129.50 3.100000e-08 3.302766e+03  27.00
 129.54 3.200000e-08 3.303012e+03  27.00
 129.54 3.200000e-08 3.303258e+03  27.00
 129.54 3.200000e-08 3.303504e+03  27.00
 129.59 3.200000e-08 3.303750e+03  27.00
 129.59 9.100000e-08 3.303995e+03  27.00
 129.62 2.160000e-07 3.304241e+03  27.00
 129.62 3.720000e-07 3.304487e+03  27.00
 129.66 4.920000e-07 3.304733e+03  27.00
 129.66 5.050000e-07 3.304979e+03  27.00
 129.71 4.180000e-07 3.305225e+03  27.00
 129.71 3.460000e-07 3.305471e+03  27.00
 129.73 2.880000e-07 3.305716e+03  27.00
 129.73 2.410000e-07 3.305962e+03  27.00
 129.78 2.020000e-07 3.306208e+03  27.00
 129.78 1.720000e-07 3.306454e+03  27.00
 129.78 1.470000e-07 3.306700e+03  27.00
 129.81 1.280000e-07 3.306945e+03  27.00
 129.81 1.130000e-07 3.307191e+03  27.00
 129.83 1.000000e-07 3.307437e+03  27.00
 129.83 9.000000e-08 3.307683e+03  27.00
 129.85 8.100000e-08 3.307928e+03  27.00
 129.85 7.200000e-08 3.308175e+03  27.00
 129.90 6.500000e-08 3.308420e+03  27.00
 129.90 6.000000e-08 3.308666e+03  27.00
 129.92 5.700000e-08 3.308912e+03  27.00
 129.92 5.300000e-08 3.309158e+03  27.00
 129.92 5.200000e-08 3.309404e+03  27.00
 129.95 5.100000e-08 3.309650e+03  27.00
 129.95 5.000000e-08 3.309895e+03  27.00
 129.95 4.700000e-08 3.310141e+03  27.00
 129.95 4.600000e-08 3.310387e+03  27.00
 129.97 4.600000e-08 3.310633e+03  27.00
 129.97 4.700000e-08 3.310879e+03  27.00
 130.00 5.100000e-08 3.311125e+03  27.00
 130.00 5.000000e-08 3.311370e+03  27.00
 130.00 5.100000e-08 3.311616e+03  27.00
 130.00 5.000000e-08 3.311862e+03  27.00
 130.02 5.000000e-08 3.312108e+03  27.00
 130.02 4.700000e-08 3.312354e+03  27.00
 130.02 4.600000e-08 3.312599e+03  27.00
 130.02 4.600000e-08 3.312845e+03  27.00
 130.02 4.500000e-08 3.313091e+03  27.00
 130.02 4.500000e-08 3.313337e+03  27.00
 130.02 4.500000e-08 3.313583e+03  27.00
 130.02 4.600000e-08 3.313829e+03  27.00
 130.02 4.600000e-08 3.314074e+03  27.00
 130.02 4.600000e-08 3.314320e+03  27.00
 130.02 4.700000e-08 3.314567e+03  27.00
 130.02 4.700000e-08 3.314813e+03  27.00
 130.02 5.000000e-08 3.315058e+03  27.00
 130.02 5.100000e-08 3.315305e+03  27.00
 130.02 5.200000e-08 3.315550e+03  27.00
 130.02 5.200000e-08 3.315797e+03  27.00
 130.02 5.200000e-08 3.316041e+03  27.00
 130.02 5.100000e-08 3.316287e+03  27.00
 130.02 5.000000e-08 3.316533e+03  27.00
 130.02 5.000000e-08 3.316779e+03  27.00
 130.00 5.000000e-08 3.317025e+03  27.00
 130.00 4.700000e-08 3.317271e+03  27.00
 130.00 5.000000e-08 3.317516e+03  27.00
 130.00 4.700000e-08 3.317763e+03  27.00
 129.97 5.000000e-08 3.318009e+03  27.00
 129.97 5.100000e-08 3.318254e+03  27.00
 129.95 5.200000e-08 3.318500e+03  27.00
 129.95 5.200000e-08 3.318746e+03  27.00
 129.95 5.200000e-08 3.318992e+03  27.00
 129.92 5.200000e-08 3.319238e+03  27.00
 129.92 5.200000e-08 3.319483e+03  27.00
 129.90 5.200000e-08 3.319729e+03  27.00
 129.90 5.100000e-08 3.319975e+03  27.00
 129.88 5.100000e-08 3.320221e+03  27.00
 129.88 5.100000e-08 3.320467e+03  27.00
 129.85 5.000000e-08 3.320712e+03  27.00
 129.85 5.000000e-08 3.320958e+03  27.00
 129.81 4.700000e-08 3.321204e+03  27.00
 129.81 4.700000e-08 3.321450e+03  27.00
 129.78 4.600000e-08 3.321695e+03  27.00
 129.78 4.500000e-08 3.321942e+03  27.00
 129.78 4.500000e-08 3.322187e+03  27.00
 129.73 4.300000e-08 3.322433e+03  27.00
 129.73 4.300000e-08 3.322679e+03  27.00
 129.69 4.300000e-08 3.322925e+03  27.00
 129.69 4.300000e-08 3.323171e+03  27.00
 129.64 4.100000e-08 3.323417e+03  27.00
 129.64 4.300000e-08 3.323663e+03  27.00
 129.59 4.300000e-08 3.323909e+03  27.00
 129.59 4.300000e-08 3.324154e+03  27.00
 129.54 4.500000e-08 3.324400e+03  27.00
 129.54 4.500000e-08 3.324646e+03  27.00
 129.47 4.500000e-08 3.324892e+03  27.00
 129.47 4.600000e-08 3.325138e+03  27.00
 129.47 4.700000e-08 3.325383e+03  27.00
 129.40 5.000000e-08 3.325629e+03  27.00
 129.40 4.700000e-08 3.325875e+03  27.00
 129.35 4.700000e-08 3.326121e+03  27.00
 129.35 4.700000e-08 3.326367e+03  27.00
 129.28 4.700000e-08 3.326613e+03  27.00
 129.28 4.700000e-08 3.326859e+03  27.00
 129.21 4.700000e-08 3.327104e+03  27.00
 129.21 4.600000e-08 3.327350e+03  27.00
 129.14 4.600000e-08 3.327596e+03  27.00
 129.14 4.500000e-08 3.327842e+03  27.00
 129.14 4.500000e-08 3.328088e+03  27.00
 129.05 4.500000e-08 3.328333e+03  27.00
 129.05 4.500000e-08 3.328579e+03  27.00
 128.97 4.600000e-08 3.328825e+03  27.00
 128.97 4.600000e-08 3.329071e+03  27.00
 128.90 4.600000e-08 3.329317e+03  27.00
 128.90 4.500000e-08 3.329563e+03  27.00
 128.81 4.500000e-08 3.329808e+03  27.00
 128.81 4.300000e-08 3.330054e+03  27.00
 128.74 4.300000e-08 3.330301e+03  27.00
 128.74 4.300000e-08 3.330546e+03  27.00
 128.64 4.300000e-08 3.330793e+03  27.00
 128.64 4.300000e-08 3.331038e+03  27.00
 128.64 4.300000e-08 3.331284e+03  27.00
 128.57 4.500000e-08 3.331530e+03  27.00
 128.57 4.500000e-08 3.331775e+03  27.00
 128.48 4.500000e-08 3.332021e+03  27.00
 128.48 4.500000e-08 3.332267e+03  27.00
 128.38 4.300000e-08 3.332513e+03  27.00
 128.38 4.000000e-08 3.332760e+03  27.00
 128.31 4.000000e-08 3.333004e+03  27.00
 128.31 3.800000e-08 3.333250e+03  27.00
 128.21 3.800000e-08 3.333496e+03  27.00
 128.21 4.000000e-08 3.333742e+03  27.00
 128.12 4.000000e-08 3.333988e+03  27.00
 128.12 4.000000e-08 3.334233e+03  27.00
 128.12 4.100000e-08 3.334479e+03  27.00
 128.05 4.300000e-08 3.334725e+03  27.00
 128.05 4.300000e-08 3.334971e+03  27.00
 127.95 4.300000e-08 3.335217e+03  27.00
 127.95 4.300000e-08 3.335463e+03  27.00
 127.86 4.300000e-08 3.335709e+03  27.00
 127.86 4.300000e-08 3.335955e+03  27.00
 127.76 4.300000e-08 3.336200e+03  27.00
 127.76 4.100000e-08 3.336447e+03  27.00
 127.69 4.100000e-08 3.336692e+03  27.00
 127.69 4.000000e-08 3.336938e+03  27.00
 127.60 4.000000e-08 3.337184e+03  27.00
 127.60 3.800000e-08 3.337430e+03  27.00
 127.60 3.800000e-08 3.337675e+03  27.00
 127.50 4.000000e-08 3.337921e+03  27.00
 127.50 4.000000e-08 3.338167e+03  27.00
 127.41 4.000000e-08 3.338413e+03  27.00
 127.41 4.000000e-08 3.338659e+03  27.00
 127.34 4.000000e-08 3.338904e+03  27.00
 127.34 4.000000e-08 3.339151e+03  27.00
 127.24 3.800000e-08 3.339396e+03  27.00
 127.24 3.700000e-08 3.339642e+03  27.00
 127.15 3.700000e-08 3.339888e+03  27.00
 127.15 3.700000e-08 3.340134e+03  27.00
 127.05 3.500000e-08 3.340379e+03  27.00
 127.05 3.500000e-08 3.340625e+03  27.00
 127.05 3.500000e-08 3.340871e+03  27.00
 126.96 3.500000e-08 3.341117e+03  27.00
 126.96 3.300000e-08 3.341363e+03  27.00
 126.86 3.500000e-08 3.341609e+03  27.00
 126.86 3.500000e-08 3.341855e+03  27.00
 126.77 3.500000e-08 3.342100e+03  27.00
 126.77 3.500000e-08 3.342346e+03  27.00
 126.69 3.500000e-08 3.342592e+03  27.00
 126.69 3.500000e-08 3.342838e+03  27.00
 126.58 3.300000e-08 3.343084e+03  27.00
 126.58 3.200000e-08 3.343330e+03  27.00
 126.50 2.800000e-08 3.343576e+03  27.00
 126.50 2.800000e-08 3.343821e+03  27.00
 126.50 2.800000e-08 3.344068e+03  27.00
 126.41 2.800000e-08 3.344313e+03  27.00
 126.41 2.800000e-08 3.344559e+03  27.00
 126.31 3.100000e-08 3.344806e+03  27.00
 126.31 3.100000e-08 3.345051e+03  27.00
 126.22 3.200000e-08 3.345298e+03  27.00
 126.22 3.100000e-08 3.345542e+03  27.00
 126.10 2.800000e-08 3.345788e+03  27.00
 126.10 2.700000e-08 3.346034e+03  27.00
 126.01 2.700000e-08 3.346280e+03  27.00
 126.01 2.700000e-08 3.346526e+03  27.00
 126.01 2.500000e-08 3.346772e+03  27.00
 125.91 2.500000e-08 3.347018e+03  27.00
 125.91 2.200000e-08 3.347263e+03  27.00
 125.82 2.500000e-08 3.347509e+03  27.00
 125.82 2.600000e-08 3.347755e+03  27.00
 125.72 2.600000e-08 3.348001e+03  27.00
 125.72 2.700000e-08 3.348246e+03  27.00
 125.63 2.700000e-08 3.348492e+03  27.00
 125.63 2.700000e-08 3.348738e+03  27.00
 125.53 2.700000e-08 3.348984e+03  27.00
 125.53 2.700000e-08 3.349230e+03  27.00
 125.44 2.800000e-08 3.349476e+03  27.00
 125.44 2.700000e-08 3.349721e+03  27.00
 125.44 2.700000e-08 3.349967e+03  27.00
 125.36 2.700000e-08 3.350213e+03  27.00
 125.36 2.700000e-08 3.350459e+03  27.00
 125.27 2.700000e-08 3.350705e+03  27.00
 125.27 2.700000e-08 3.350951e+03  27.00
 125.17 2.700000e-08 3.351196e+03  27.00
 125.17 2.700000e-08 3.351442e+03  27.00
 125.08 2.700000e-08 3.351688e+03  27.00
 125.08 2.700000e-08 3.351934e+03  27.00
 125.01 2.500000e-08 3.352180e+03  27.00
 125.01 2.200000e-08 3.352426e+03  27.00
 124.91 2.100000e-08 3.352671e+03  27.00
 124.91 2.200000e-08 3.352917e+03  27.00
 124.91 2.100000e-08 3.353163e+03  27.00
 124.84 2.000000e-08 3.353409e+03  27.00
 124.84 2.000000e-08 3.353655e+03  27.00
 124.75 2.000000e-08 3.353901e+03  27.00
 124.75 1.800000e-08 3.354147e+03  27.00
 124.68 1.800000e-08 3.354392e+03  27.00
 124.68 1.800000e-08 3.354638e+03  27.00
 124.58 1.800000e-08 3.354884e+03  27.00
 124.58 1.800000e-08 3.355130e+03  27.00
 124.51 2.000000e-08 3.355376e+03  27.00
 124.51 1.800000e-08 3.355622e+03  27.00
 124.41 1.800000e-08 3.355868e+03  27.00
 124.41 1.800000e-08 3.356113e+03  27.00
 124.41 1.800000e-08 3.356359e+03  27.00
 124.34 2.000000e-08 3.356605e+03  27.00
 124.34 2.000000e-08 3.356851e+03  27.00
 124.25 2.100000e-08 3.357097e+03  27.00
 124.25 2.100000e-08 3.357343e+03  27.00
 124.18 2.100000e-08 3.357588e+03  27.00
 124.18 2.100000e-08 3.357834e+03  27.00
 124.08 2.100000e-08 3.358080e+03  27.00
 124.08 2.100000e-08 3.358326e+03  27.00
 124.01 2.200000e-08 3.358572e+03  27.00
 124.01 2.100000e-08 3.358817e+03  27.00
 123.92 2.100000e-08 3.359064e+03  27.00
 123.92 2.100000e-08 3.359309e+03  27.00
 123.92 2.100000e-08 3.359555e+03  27.00
 123.84 2.000000e-08 3.359802e+03  27.00
 123.84 1.800000e-08 3.360047e+03  27.00
 123.77 1.600000e-08 3.360293e+03  27.00
 123.77 1.500000e-08 3.360538e+03  27.00
 123.68 1.500000e-08 3.360785e+03  27.00
 123.68 1.500000e-08 3.361030e+03  27.00
 123.61 1.500000e-08 3.361277e+03  27.00
 123.61 1.500000e-08 3.361522e+03  27.00
 123.54 1.600000e-08 3.361767e+03  27.00
 123.54 1.600000e-08 3.362013e+03  27.00
 123.46 1.800000e-08 3.362261e+03  27.00
 123.46 1.800000e-08 3.362505e+03  27.00
 123.46 1.800000e-08 3.362751e+03  27.00
 123.39 1.800000e-08 3.362997e+03  27.00
 123.39 2.000000e-08 3.363243e+03  27.00
 123.32 2.000000e-08 3.363489e+03  27.00
 123.32 2.200000e-08 3.363735e+03  27.00
 123.25 2.200000e-08 3.363980e+03  27.00
 123.25 2.500000e-08 3.364226e+03  27.00
 123.18 2.500000e-08 3.364472e+03  27.00
 123.18 2.200000e-08 3.364718e+03  27.00
 123.11 2.100000e-08 3.364964e+03  27.00
 123.11 2.000000e-08 3.365209e+03  27.00
 123.11 2.000000e-08 3.365455e+03  27.00
 123.06 1.800000e-08 3.365701e+03  27.00
 123.06 1.800000e-08 3.365947e+03  27.00
 122.99 1.800000e-08 3.366193e+03  27.00
 122.99 1.600000e-08 3.366439e+03  27.00
 122.92 1.600000e-08 3.366684e+03  27.00
 122.92 1.600000e-08 3.366931e+03  27.00
 122.87 1.800000e-08 3.367176e+03  27.00
 122.87 1.800000e-08 3.367422e+03  27.00
 122.80 1.800000e-08 3.367668e+03  27.00
 122.80 2.000000e-08 3.367914e+03  27.00
 122.73 2.000000e-08 3.368160e+03  27.00
 122.73 2.000000e-08 3.368406e+03  27.00
 122.73 2.100000e-08 3.368652e+03  27.00
 122.66 2.100000e-08 3.368897e+03  27.00
 122.66 2.200000e-08 3.369143e+03  27.00
 122.59 2.200000e-08 3.369389e+03  27.00
 122.59 2.200000e-08 3.369635e+03  27.00
 122.52 2.200000e-08 3.369881e+03  27.00
 122.52 2.600000e-08 3.370127e+03  27.00
 122.47 2.700000e-08 3.370372e+03  27.00
 122.47 2.800000e-08 3.370618e+03  27.00
 122.40 2.800000e-08 3.370864e+03  27.00
 122.40 2.700000e-08 3.371110e+03  27.00
 122.33 2.700000e-08 3.371356e+03  27.00
 122.33 2.600000e-08 3.371601e+03  27.00
 122.33 2.600000e-08 3.371847e+03  27.00
 122.26 2.600000e-08 3.372093e+03  27.00
 122.26 2.600000e-08 3.372339e+03  27.00
 122.19 2.200000e-08 3.372585e+03  27.00
 122.19 2.200000e-08 3.372830e+03  27.00
 122.12 2.200000e-08 3.373077e+03  27.00
 122.12 2.200000e-08 3.373323e+03  27.00
 122.05 2.200000e-08 3.373568e+03  27.00
 122.05 2.100000e-08 3.373814e+03  27.00
 121.98 2.200000e-08 3.374060e+03  27.00
 121.98 2.100000e-08 3.374306e+03  27.00
 121.91 2.100000e-08 3.374552e+03  27.00
 121.91 2.200000e-08 3.374798e+03  27.00
 121.91 2.200000e-08 3.375043e+03  27.00
 121.84 2.200000e-08 3.375289e+03  27.00
 121.84 2.200000e-08 3.375535e+03  27.00
 121.77 2.200000e-08 3.375781e+03  27.00
 121.77 2.200000e-08 3.376027e+03  27.00
 121.70 2.200000e-08 3.376272e+03  27.00
 121.70 2.100000e-08 3.376518e+03  27.00
 121.63 2.100000e-08 3.376764e+03  27.00
 121.63 2.100000e-08 3.377010e+03  27.00
 121.53 2.100000e-08 3.377256e+03  27.00
 121.53 2.100000e-08 3.377502e+03  27.00
 121.46 2.000000e-08 3.377747e+03  27.00
 121.46 2.000000e-08 3.377993e+03  27.00
 121.46 2.100000e-08 3.378239e+03  27.00
 121.37 2.200000e-08 3.378485e+03  27.00
 121.37 2.200000e-08 3.378731e+03  27.00
 121.30 2.100000e-08 3.378977e+03  27.00
 121.30 2.000000e-08 3.379223e+03  27.00
 121.20 1.800000e-08 3.379468e+03  27.00
 121.20 1.800000e-08 3.379715e+03  27.00
 121.13 1.800000e-08 3.379960e+03  27.00
 121.13 2.000000e-08 3.380206e+03  27.00
 121.04 1.800000e-08 3.380451e+03  27.00
 121.04 1.800000e-08 3.380697e+03  27.00
 121.04 1.600000e-08 3.380943e+03  27.00
 120.94 1.500000e-08 3.381189e+03  27.00
 120.94 1.300000e-08 3.381435e+03  27.00
 120.85 1.500000e-08 3.381681e+03  27.00
 120.85 1.200000e-08 3.381927e+03  27.00
 120.78 1.000000e-08 3.382173e+03  27.00
 120.78 1.000000e-08 3.382418e+03  27.00
 120.68 1.000000e-08 3.382664e+03  27.00
 120.68 1.000000e-08 3.382910e+03  27.00
 120.59 1.000000e-08 3.383156e+03  27.00
 120.59 8.000000e-09 3.383402e+03  27.00
 120.50 8.000000e-09 3.383648e+03  27.00
 120.50 7.000000e-09 3.383894e+03  27.00
 120.50 7.000000e-09 3.384139e+03  27.00
 120.40 6.000000e-09 3.384385e+03  27.00
 120.40 3.000000e-09 3.384631e+03  27.00
 120.31 2.000000e-09 3.384877e+03  27.00
 120.31 2.000000e-09 3.385123e+03  27.00
 120.21 2.000000e-09 3.385369e+03  27.00
 120.21 3.000000e-09 3.385615e+03  27.00
 120.12 6.000000e-09 3.385860e+03  27.00
 120.12 6.000000e-09 3.386106e+03  27.00
 120.03 6.000000e-09 3.386352e+03  27.00
 120.03 6.000000e-09 3.386598e+03  27.00
 119.93 6.000000e-09 3.386844e+03  27.00
 119.93 6.000000e-09 3.387090e+03  27.00
 119.93 3.000000e-09 3.387335e+03  27.00
 119.81 3.000000e-09 3.387581e+03  27.00
 119.81 6.000000e-09 3.387827e+03  27.00
 119.72 6.000000e-09 3.388073e+03  27.00
 119.72 6.000000e-09 3.388319e+03  27.00
 119.63 3.000000e-09 3.388565e+03  27.00
 119.63 3.000000e-09 3.388810e+03  27.00
 119.51 2.000000e-09 3.389056e+03  27.00
 119.51 1.000000e-09 3.389303e+03  27.00
 119.41 0.000000e+00 3.389548e+03  27.00
 119.41 0.000000e+00 3.389818e+03  27.00
 119.32 0.000000e+00 3.390089e+03  27.00
 119.32 0.000000e+00 3.390359e+03  27.00
 119.20 0.000000e+00 3.390629e+03  27.00
 119.20 0.000000e+00 3.390875e+03  27.00
 119.08 1.000000e-09 3.391122e+03  27.00
 119.08 0.000000e+00 3.391367e+03  27.00
 118.99 0.000000e+00 3.391638e+03  27.00
 118.99 -1.000000e-09 3.391908e+03  27.00
 118.87 -2.000000e-09 3.392178e+03  27.00
 118.87 -3.000000e-09 3.392449e+03  27.00
 118.78 -6.000000e-09 3.392719e+03  27.00
 118.78 -7.000000e-09 3.392989e+03  27.00
 118.66 -7.000000e-09 3.393260e+03  27.00
 118.66 -8.000000e-09 3.393530e+03  27.00
 118.54 -8.000000e-09 3.393802e+03  27.00
 118.54 -7.000000e-09 3.394071e+03  27.00
 118.43 -6.000000e-09 3.394342e+03  27.00
 118.43 -3.000000e-09 3.394612e+03  27.00
 118.31 -1.000000e-09 3.394882e+03  27.00
 118.31 -1.000000e-09 3.395153e+03  27.00
 118.19 -1.000000e-09 3.395423e+03  27.00
 118.19 -1.000000e-09 3.395694e+03  27.00
 118.07 -1.000000e-09 3.395964e+03  27.00
 118.07 -1.000000e-09 3.396234e+03  27.00
 117.95 0.000000e+00 3.396505e+03  27.00
 117.95 0.000000e+00 3.396776e+03  27.00
 117.84 -1.000000e-09 3.397046e+03  27.00
 117.84 -2.000000e-09 3.397316e+03  27.00
 117.70 -2.000000e-09 3.397587e+03  27.00
 117.70 -3.000000e-09 3.397857e+03  27.00
 117.58 -6.000000e-09 3.398129e+03  27.00
 117.58 -7.000000e-09 3.398398e+03  27.00
 117.46 -7.000000e-09 3.398668e+03  27.00
 117.46 -7.000000e-09 3.398939e+03  27.00
 117.34 -7.000000e-09 3.399209e+03  27.00
 117.34 -8.000000e-09 3.399480e+03  27.00
 117.20 -6.000000e-09 3.399750e+03  27.00
 117.20 -6.000000e-09 3.400020e+03  27.00
 117.08 -6.000000e-09 3.400291e+03  27.00
 117.08 -3.000000e-09 3.400562e+03  27.00
 116.94 -3.000000e-09 3.400832e+03  27.00
 116.94 -2.000000e-09 3.401102e+03  27.00
 116.83 -1.000000e-09 3.401373e+03  27.00
 116.83 -1.000000e-09 3.401643e+03  27.00
 116.68 -1.000000e-09 3.401914e+03  27.00
 116.68 -2.000000e-09 3.402185e+03  27.00
 116.57 -3.000000e-09 3.402455e+03  27.00
 116.57 -3.000000e-09 3.402725e+03  27.00
 116.43 -6.000000e-09 3.402995e+03  27.00
 116.43 -7.000000e-09 3.403265e+03  27.00
 116.31 -7.000000e-09 3.403536e+03  27.00
 116.31 -7.000000e-09 3.403807e+03  27.00
 116.17 -7.000000e-09 3.404077e+03  27.00
 116.17 -8.000000e-09 3.404348e+03  27.00
 116.05 -1.000000e-08 3.404618e+03  27.00
 116.05 -1.000000e-08 3.404888e+03  27.00
 115.91 -1.000000e-08 3.405159e+03  27.00
 115.91 -1.300000e-08 3.405429e+03  27.00
 115.79 -1.500000e-08 3.405699e+03  27.00
 115.79 -1.300000e-08 3.405970e+03  27.00
 115.65 -1.300000e-08 3.406240e+03  27.00
 115.65 -1.300000e-08 3.406511e+03  27.00
 115.51 -1.300000e-08 3.406781e+03  27.00
 115.51 -1.500000e-08 3.407052e+03  27.00
 115.39 -1.500000e-08 3.407322e+03  27.00
 115.39 -1.800000e-08 3.407593e+03  27.00
 115.25 -1.600000e-08 3.407863e+03  27.00
 115.25 -1.800000e-08 3.408133e+03  27.00
 115.11 -1.600000e-08 3.408404e+03  27.00
 115.11 -1.600000e-08 3.408674e+03  27.00
 114.99 -1.500000e-08 3.408945e+03  27.00
 114.99 -1.500000e-08 3.409215e+03  27.00
 114.85 -1.300000e-08 3.409485e+03  27.00
 114.85 -1.300000e-08 3.409756e+03  27.00
 114.71 -1.300000e-08 3.410026e+03  27.00
 114.71 -1.300000e-08 3.410298e+03  27.00
 114.59 -1.300000e-08 3.410567e+03  27.00
 114.59 -1.300000e-08 3.410837e+03  27.00
 114.45 -1.200000e-08 3.411108e+03  27.00
 114.31 -1.300000e-08 3.411379e+03  27.00
 114.31 -1.300000e-08 3.411649e+03  27.00
 114.17 -1.300000e-08 3.411919e+03  27.00
 114.17 -1.500000e-08 3.412190e+03  27.00
 114.05 -1.500000e-08 3.412460e+03  27.00
 114.05 -1.600000e-08 3.412730e+03  27.00
 113.91 -1.600000e-08 3.413001e+03  27.00
 113.91 -1.600000e-08 3.413271e+03  27.00
 113.77 -2.000000e-08 3.413542e+03  27.00
 113.77 -2.000000e-08 3.413812e+03  27.00
 113.63 -2.000000e-08 3.414082e+03  27.00
 113.63 -2.100000e-08 3.414353e+03  27.00
 113.51 -2.100000e-08 3.414623e+03  27.00
 113.51 -2.100000e-08 3.414894e+03  27.00
 113.37 -2.100000e-08 3.415164e+03  27.00
 113.37 -2.200000e-08 3.415435e+03  27.00
 113.23 -2.200000e-08 3.415705e+03  27.00
 113.23 -2.200000e-08 3.415976e+03  27.00
 113.08 -2.200000e-08 3.416246e+03  27.00
 113.08 -2.200000e-08 3.416517e+03  27.00
 112.94 -2.500000e-08 3.416787e+03  27.00
 112.94 -2.500000e-08 3.417057e+03  27.00
 112.80 -2.500000e-08 3.417328e+03  27.00
 112.80 -2.600000e-08 3.417598e+03  27.00
 112.66 -2.600000e-08 3.417868e+03  27.00
 112.66 -2.600000e-08 3.418139e+03  27.00
 112.52 -2.500000e-08 3.418409e+03  27.00
 112.52 -2.600000e-08 3.418680e+03  27.00
 112.38 -2.700000e-08 3.418950e+03  27.00
 112.38 -2.700000e-08 3.419220e+03  27.00
 112.24 -2.600000e-08 3.419491e+03  27.00
 112.24 -2.600000e-08 3.419762e+03  27.00
 112.10 -2.600000e-08 3.420032e+03  27.00
 112.10 -2.700000e-08 3.420303e+03  27.00
 111.96 -2.600000e-08 3.420573e+03  27.00
 111.96 -2.600000e-08 3.420843e+03  27.00
 111.82 -2.500000e-08 3.421114e+03  27.00
 111.82 -2.200000e-08 3.421384e+03  27.00
 111.68 -2.100000e-08 3.421655e+03  27.00
 111.68 -2.100000e-08 3.421925e+03  27.00
 111.54 -2.200000e-08 3.422195e+03  27.00
 111.54 -2.200000e-08 3.422466e+03  27.00
 111.40 -2.200000e-08 3.422736e+03  27.00
 111.40 -2.200000e-08 3.423007e+03  27.00
 111.26 -2.500000e-08 3.423277e+03  27.00
 111.26 -2.500000e-08 3.423547e+03  27.00
 111.12 -2.600000e-08 3.423818e+03  27.00
 111.12 -2.800000e-08 3.424089e+03  27.00
 110.98 -2.600000e-08 3.424359e+03  27.00
 110.98 -2.600000e-08 3.424629e+03  27.00
 110.84 -2.600000e-08 3.424900e+03  27.00
 110.84 -2.600000e-08 3.425170e+03  27.00
 110.70 -2.600000e-08 3.425440e+03  27.00
 110.70 -2.700000e-08 3.425711e+03  27.00
 110.56 -2.700000e-08 3.425981e+03  27.00
 110.56 -2.700000e-08 3.426252e+03  27.00
 110.41 -2.800000e-08 3.426522e+03  27.00
 110.41 -2.800000e-08 3.426792e+03  27.00
 110.27 -3.100000e-08 3.427063e+03  27.00
 110.27 -3.100000e-08 3.427333e+03  27.00
 110.11 -3.100000e-08 3.427604e+03  27.00
 110.11 -3.100000e-08 3.427874e+03  27.00
 109.97 -3.100000e-08 3.428145e+03  27.00
 109.97 -3.200000e-08 3.428415e+03  27.00
 109.83 -3.300000e-08 3.428685e+03  27.00
 109.83 -3.300000e-08 3.428956e+03  27.00
 109.69 -3.500000e-08 3.429227e+03  27.00
 109.69 -3.700000e-08 3.429497e+03  27.00
 109.55 -3.800000e-08 3.429767e+03  27.00
 109.55 -3.800000e-08 3.430038e+03  27.00
 109.41 -4.000000e-08 3.430308e+03  27.00
 109.41 -4.000000e-08 3.430579e+03  27.00
 109.24 -4.000000e-08 3.430849e+03  27.00
 109.24 -4.100000e-08 3.431119e+03  27.00
 109.10 -4.300000e-08 3.431390e+03  27.00
 109.10 -4.500000e-08 3.431660e+03  27.00
 108.96 -4.500000e-08 3.431931e+03  27.00
 108.82 -4.500000e-08 3.432201e+03  27.00
 108.82 -4.700000e-08 3.432472e+03  27.00
 108.66 -4.700000e-08 3.432743e+03  27.00
 108.66 -5.100000e-08 3.433013e+03  27.00
 108.52 -5.600000e-08 3.433283e+03  27.00
 108.52 -6.000000e-08 3.433553e+03  27.00
 108.38 -6.500000e-08 3.433823e+03  27.00
 108.38 -7.000000e-08 3.434094e+03  27.00
 108.21 -7.600000e-08 3.434364e+03  27.00
 108.21 -8.300000e-08 3.434635e+03  27.00
 108.07 -9.100000e-08 3.434905e+03  27.00
 108.07 -1.020000e-07 3.435176e+03  27.00
 107.93 -1.150000e-07 3.435446e+03  27.00
 107.93 -1.250000e-07 3.435716e+03  27.00
 107.77 -1.350000e-07 3.435987e+03  27.00
 107.77 -1.460000e-07 3.436258e+03  27.00
 107.63 -1.600000e-07 3.436528e+03  27.00
 107.63 -1.750000e-07 3.436799e+03  27.00
 107.46 -1.900000e-07 3.437069e+03  27.00
 107.46 -2.070000e-07 3.437339e+03  27.00
 107.32 -2.220000e-07 3.437610e+03  27.00
 107.32 -2.410000e-07 3.437880e+03  27.00
 107.18 -2.580000e-07 3.438150e+03  27.00
 107.18 -2.770000e-07 3.438421e+03  27.00
 107.02 -2.970000e-07 3.438691e+03  27.00
 107.02 -3.180000e-07 3.438962e+03  27.00
 106.88 -3.380000e-07 3.439233e+03  27.00
 106.88 -3.570000e-07 3.439503e+03  27.00
 106.71 -3.810000e-07 3.439773e+03  27.00
 106.71 -4.010000e-07 3.440044e+03  27.00
 106.57 -4.260000e-07 3.440314e+03  27.00
 106.57 -4.500000e-07 3.440584e+03  27.00
 106.41 -4.760000e-07 3.440855e+03  27.00
 106.41 -5.000000e-07 3.441125e+03  27.00
 106.27 -5.250000e-07 3.441396e+03  27.00
 106.27 -5.500000e-07 3.441666e+03  27.00
 106.11 -5.750000e-07 3.441936e+03  27.00
 106.11 -5.980000e-07 3.442207e+03  27.00
 105.96 -6.250000e-07 3.442477e+03  27.00
 105.96 -6.500000e-07 3.442748e+03  27.00
 105.80 -6.730000e-07 3.443018e+03  27.00
 105.80 -6.960000e-07 3.443289e+03  27.00
 105.66 -7.180000e-07 3.443559e+03  27.00
 105.66 -7.400000e-07 3.443829e+03  27.00
 105.50 -7.610000e-07 3.444100e+03  27.00
 105.50 -7.800000e-07 3.444370e+03  27.00
 105.33 -7.960000e-07 3.444641e+03  27.00
 105.33 -8.130000e-07 3.444911e+03  27.00
 105.19 -8.300000e-07 3.445181e+03  27.00
 105.19 -8.430000e-07 3.445452e+03  27.00
 105.03 -8.570000e-07 3.445723e+03  27.00
 105.03 -8.710000e-07 3.445992e+03  27.00
 104.89 -8.830000e-07 3.446263e+03  27.00
 104.89 -8.950000e-07 3.446533e+03  27.00
 104.72 -9.070000e-07 3.446805e+03  27.00
 104.72 -9.180000e-07 3.447075e+03  27.00
 104.56 -9.270000e-07 3.447345e+03  27.00
 104.56 -9.370000e-07 3.447615e+03  27.00
 104.42 -9.450000e-07 3.447886e+03  27.00
 104.42 -9.520000e-07 3.448156e+03  27.00
 104.26 -9.580000e-07 3.448426e+03  27.00
 104.26 -9.650000e-07 3.448697e+03  27.00
 104.11 -9.710000e-07 3.448967e+03  27.00
 104.11 -9.770000e-07 3.449238e+03  27.00
 103.95 -9.830000e-07 3.449508e+03  27.00
 103.95 -9.900000e-07 3.449779e+03  27.00
 103.81 -9.980000e-07 3.450050e+03  27.00
 103.81 -1.006000e-06 3.450320e+03  27.00
 103.65 -1.012000e-06 3.450590e+03  27.00
 103.65 -1.017000e-06 3.450860e+03  27.00
 103.51 -1.021000e-06 3.451131e+03  27.00
 103.51 -1.027000e-06 3.451401e+03  27.00
 103.34 -1.032000e-06 3.451672e+03  27.00
 103.34 -1.037000e-06 3.451942e+03  27.00
 103.20 -1.042000e-06 3.452212e+03  27.00
 103.20 -1.046000e-06 3.452483e+03  27.00
 103.06 -1.051000e-06 3.452753e+03  27.00
 102.90 -1.055000e-06 3.453024e+03  27.00
 102.90 -1.058000e-06 3.453294e+03  27.00
 102.76 -1.063000e-06 3.453565e+03  27.00
 102.76 -1.065000e-06 3.453835e+03  27.00
 102.60 -1.068000e-06 3.454105e+03  27.00
 102.60 -1.071000e-06 3.454376e+03  27.00
 102.46 -1.071000e-06 3.454646e+03  27.00
 102.46 -1.073000e-06 3.454917e+03  27.00
 102.29 -1.075000e-06 3.455187e+03  27.00
 102.29 -1.077000e-06 3.455458e+03  27.00
 102.15 -1.077000e-06 3.455728e+03  27.00
 102.15 -1.080000e-06 3.455998e+03  27.00
 102.01 -1.082000e-06 3.456269e+03  27.00
 102.01 -1.086000e-06 3.456540e+03  27.00
 101.85 -1.090000e-06 3.456810e+03  27.00
 101.85 -1.093000e-06 3.457080e+03  27.00
 101.71 -1.096000e-06 3.457351e+03  27.00
 101.71 -1.100000e-06 3.457621e+03  27.00
 101.57 -1.105000e-06 3.457891e+03  27.00
 101.57 -1.106000e-06 3.458162e+03  27.00
 101.41 -1.108000e-06 3.458433e+03  27.00
 101.41 -1.112000e-06 3.458704e+03  27.00
 101.27 -1.115000e-06 3.458973e+03  27.00
 101.27 -1.118000e-06 3.459243e+03  27.00
 101.13 -1.121000e-06 3.459514e+03  27.00
 101.13 -1.123000e-06 3.459784e+03  27.00
 100.99 -1.123000e-06 3.460055e+03  27.00
 100.99 -1.126000e-06 3.460325e+03  27.00
 100.82 -1.127000e-06 3.460596e+03  27.00
 100.82 -1.130000e-06 3.460866e+03  27.00
 100.68 -1.131000e-06 3.461137e+03  27.00
 100.68 -1.132000e-06 3.461407e+03  27.00
 100.54 -1.133000e-06 3.461677e+03  27.00
 100.54 -1.138000e-06 3.461948e+03  27.00
 100.40 -1.140000e-06 3.462219e+03  27.00
 100.40 -1.142000e-06 3.462489e+03  27.00
 100.24 -1.145000e-06 3.462759e+03  27.00
 100.24 -1.148000e-06 3.463030e+03  27.00
 100.10 -1.151000e-06 3.463301e+03  27.00
 100.10 -1.151000e-06 3.463570e+03  27.00
  99.96 -1.152000e-06 3.463841e+03  27.00
  99.96 -1.155000e-06 3.464111e+03  27.00
  99.82 -1.155000e-06 3.464381e+03  27.00
  99.82 -1.156000e-06 3.464652e+03  27.00
  99.68 -1.157000e-06 3.464922e+03  27.00
  99.68 -1.158000e-06 3.465193e+03  27.00
  99.54 -1.161000e-06 3.465463e+03  27.00
  99.54 -1.161000e-06 3.465734e+03  27.00
  99.40 -1.162000e-06 3.466004e+03  27.00
  99.40 -1.165000e-06 3.466275e+03  27.00
  99.26 -1.167000e-06 3.466545e+03  27.00
  99.26 -1.170000e-06 3.466815e+03  27.00
  99.15 -1.173000e-06 3.467086e+03  27.00
  99.15 -1.176000e-06 3.467357e+03  27.00
  99.01 -1.180000e-06 3.467626e+03  27.00
  99.01 -1.182000e-06 3.467897e+03  27.00
  98.87 -1.187000e-06 3.468168e+03  27.00
  98.87 -1.190000e-06 3.468438e+03  27.00
  98.73 -1.190000e-06 3.468709e+03  27.00
  98.73 -1.190000e-06 3.468979e+03  27.00
  98.61 -1.190000e-06 3.469250e+03  27.00
  98.61 -1.190000e-06 3.469520e+03  27.00
  98.47 -1.188000e-06 3.469790e+03  27.00
  98.47 -1.190000e-06 3.470060e+03  27.00
  98.35 -1.190000e-06 3.470331e+03  27.00
  98.35 -1.192000e-06 3.470601e+03  27.00
  98.21 -1.192000e-06 3.470872e+03  27.00
  98.21 -1.195000e-06 3.471142e+03  27.00
  98.10 -1.196000e-06 3.471412e+03  27.00
  98.10 -1.197000e-06 3.471683e+03  27.00
  97.96 -1.200000e-06 3.471953e+03  27.00
  97.96 -1.201000e-06 3.472224e+03  27.00
  97.82 -1.203000e-06 3.472495e+03  27.00
  97.82 -1.205000e-06 3.472765e+03  27.00
  97.70 -1.207000e-06 3.473035e+03  27.00
  97.58 -1.211000e-06 3.473308e+03  27.00
  97.58 -1.212000e-06 3.473576e+03  27.00
  97.44 -1.213000e-06 3.473846e+03  27.00
  97.44 -1.217000e-06 3.474117e+03  27.00
  97.33 -1.218000e-06 3.474387e+03  27.00
  97.33 -1.218000e-06 3.474658e+03  27.00
  97.21 -1.220000e-06 3.474928e+03  27.00
  97.21 -1.223000e-06 3.475199e+03  27.00
  97.07 -1.226000e-06 3.475469e+03  27.00
  97.07 -1.230000e-06 3.475739e+03  27.00
  96.95 -1.230000e-06 3.476010e+03  27.00
  96.95 -1.231000e-06 3.476280e+03  27.00
  96.84 -1.232000e-06 3.476551e+03  27.00
  96.84 -1.236000e-06 3.476821e+03  27.00
  96.72 -1.237000e-06 3.477092e+03  27.00
  96.72 -1.238000e-06 3.477362e+03  27.00
  96.58 -1.241000e-06 3.477632e+03  27.00
  96.58 -1.242000e-06 3.477903e+03  27.00
  96.46 -1.243000e-06 3.478173e+03  27.00
  96.46 -1.245000e-06 3.478444e+03  27.00
  96.35 -1.245000e-06 3.478714e+03  27.00
  96.35 -1.250000e-06 3.478985e+03  27.00
  96.23 -1.250000e-06 3.479255e+03  27.00
  96.23 -1.253000e-06 3.479525e+03  27.00
  96.12 -1.256000e-06 3.479796e+03  27.00
  96.12 -1.256000e-06 3.480066e+03  27.00
  96.00 -1.256000e-06 3.480337e+03  27.00
  96.00 -1.256000e-06 3.480607e+03  27.00
  95.88 -1.256000e-06 3.480878e+03  27.00
  95.88 -1.256000e-06 3.481148e+03  27.00
  95.77 -1.257000e-06 3.481418e+03  27.00
  95.77 -1.261000e-06 3.481689e+03  27.00
  95.65 -1.262000e-06 3.481959e+03  27.00
  95.65 -1.263000e-06 3.482230e+03  27.00
  95.53 -1.263000e-06 3.482501e+03  27.00
  95.53 -1.267000e-06 3.482770e+03  27.00
  95.42 -1.267000e-06 3.483041e+03  27.00
  95.42 -1.268000e-06 3.483312e+03  27.00
  95.28 -1.268000e-06 3.483582e+03  27.00
  95.28 -1.270000e-06 3.483852e+03  27.00
  95.16 -1.272000e-06 3.484122e+03  27.00
  95.16 -1.272000e-06 3.484393e+03  27.00
  95.04 -1.273000e-06 3.484664e+03  27.00
  95.04 -1.273000e-06 3.484934e+03  27.00
  94.93 -1.275000e-06 3.485205e+03  27.00
  94.93 -1.275000e-06 3.485475e+03  27.00
  94.81 -1.276000e-06 3.485745e+03  27.00
  94.81 -1.276000e-06 3.486017e+03  27.00
  94.67 -1.278000e-06 3.486286e+03  27.00
  94.67 -1.278000e-06 3.486556e+03  27.00
  94.55 -1.278000e-06 3.486827e+03  27.00
  94.55 -1.280000e-06 3.487097e+03  27.00
  94.44 -1.281000e-06 3.487368e+03  27.00
  94.44 -1.282000e-06 3.487638e+03  27.00
  94.30 -1.287000e-06 3.487908e+03  27.00
  94.30 -1.291000e-06 3.488179e+03  27.00
  94.18 -1.293000e-06 3.488449e+03  27.00
  94.18 -1.293000e-06 3.488720e+03  27.00
  94.04 -1.295000e-06 3.488990e+03  27.00
  94.04 -1.293000e-06 3.489261e+03  27.00
  93.92 -1.293000e-06 3.489531e+03  27.00
  93.92 -1.292000e-06 3.489802e+03  27.00
  93.81 -1.293000e-06 3.490072e+03  27.00
  93.81 -1.295000e-06 3.490342e+03  27.00
  93.67 -1.297000e-06 3.490613e+03  27.00
  93.67 -1.298000e-06 3.490884e+03  27.00
  93.55 -1.300000e-06 3.491154e+03  27.00
  93.55 -1.301000e-06 3.491424e+03  27.00
  93.43 -1.305000e-06 3.491695e+03  27.00
  93.43 -1.306000e-06 3.491965e+03  27.00
  93.29 -1.307000e-06 3.492236e+03  27.00
  93.29 -1.307000e-06 3.492506e+03  27.00
  93.18 -1.310000e-06 3.492776e+03  27.00
  93.18 -1.310000e-06 3.493047e+03  27.00
  93.06 -1.311000e-06 3.493318e+03  27.00
  93.06 -1.311000e-06 3.493587e+03  27.00
  92.92 -1.386000e-06 3.493858e+03  27.00
  92.81 -1.512000e-06 3.494129e+03  27.00
  92.81 -1.570000e-06 3.494399e+03  27.00
  92.69 -1.491000e-06 3.494669e+03  27.00
  92.69 -1.303000e-06 3.494940e+03  27.00
  92.55 -1.142000e-06 3.495210e+03  27.00
  92.55 -1.057000e-06 3.495480e+03  27.00
  92.44 -1.021000e-06 3.495751e+03  27.00
  92.44 -1.018000e-06 3.496021e+03  27.00
  92.32 -1.033000e-06 3.496292e+03  27.00
  92.32 -1.058000e-06 3.496562e+03  27.00
  92.21 -1.088000e-06 3.496833e+03  27.00
  92.21 -1.121000e-06 3.497103e+03  27.00
  92.07 -1.150000e-06 3.497373e+03  27.00
  92.07 -1.177000e-06 3.497644e+03  27.00
  91.95 -1.198000e-06 3.497914e+03  27.00
  91.95 -1.220000e-06 3.498185e+03  27.00
  91.84 -1.241000e-06 3.498455e+03  27.00
  91.84 -1.257000e-06 3.498725e+03  27.00
  91.72 -1.272000e-06 3.498996e+03  27.00
  91.72 -1.285000e-06 3.499266e+03  27.00
  91.58 -1.295000e-06 3.499536e+03  27.00
  91.58 -1.306000e-06 3.499807e+03  27.00
  91.47 -1.317000e-06 3.500078e+03  27.00
  91.47 -1.325000e-06 3.500348e+03  27.00
  91.35 -1.331000e-06 3.500619e+03  27.00
  91.35 -1.335000e-06 3.500889e+03  27.00
  91.24 -1.337000e-06 3.501159e+03  27.00
  91.24 -1.338000e-06 3.501430e+03  27.00
  91.12 -1.341000e-06 3.501700e+03  27.00
  91.12 -1.342000e-06 3.501972e+03  27.00
  91.01 -1.343000e-06 3.502241e+03  27.00
  91.01 -1.345000e-06 3.502511e+03  27.00
  90.89 -1.347000e-06 3.502783e+03  27.00
  90.89 -1.348000e-06 3.503052e+03  27.00
  90.75 -1.350000e-06 3.503323e+03  27.00
  90.75 -1.351000e-06 3.503593e+03  27.00
  90.64 -1.355000e-06 3.503864e+03  27.00
  90.64 -1.356000e-06 3.504134e+03  27.00
  90.52 -1.357000e-06 3.504404e+03  27.00
  90.52 -1.357000e-06 3.504675e+03  27.00
  90.41 -1.357000e-06 3.504945e+03  27.00
  90.41 -1.360000e-06 3.505215e+03  27.00
  90.29 -1.361000e-06 3.505486e+03  27.00
  90.29 -1.362000e-06 3.505756e+03  27.00
  90.18 -1.366000e-06 3.506027e+03  27.00
  90.18 -1.368000e-06 3.506299e+03  27.00
  90.06 -1.462000e-06 3.506568e+03  27.00
  90.06 -1.623000e-06 3.506838e+03  27.00
  89.94 -1.735000e-06 3.507109e+03  27.00
  89.94 -1.698000e-06 3.507379e+03  27.00
  89.83 -1.531000e-06 3.507649e+03  27.00
  89.83 -1.366000e-06 3.507920e+03  27.00
  89.71 -1.268000e-06 3.508190e+03  27.00
  89.71 -1.220000e-06 3.508461e+03  27.00
  89.58 -1.203000e-06 3.508731e+03  27.00
  89.58 -1.203000e-06 3.509002e+03  27.00
  89.46 -1.216000e-06 3.509272e+03  27.00
  89.46 -1.232000e-06 3.509542e+03  27.00
  89.34 -1.250000e-06 3.509813e+03  27.00
  89.34 -1.270000e-06 3.510083e+03  27.00
  89.23 -1.288000e-06 3.510354e+03  27.00
  89.23 -1.307000e-06 3.510625e+03  27.00
  89.11 -1.323000e-06 3.510894e+03  27.00
  89.11 -1.336000e-06 3.511165e+03  27.00
  89.00 -1.347000e-06 3.511436e+03  27.00
  89.00 -1.356000e-06 3.511706e+03  27.00
  88.91 -1.367000e-06 3.511976e+03  27.00
  88.91 -1.373000e-06 3.512247e+03  27.00
  88.79 -1.378000e-06 3.512518e+03  27.00
  88.79 -1.385000e-06 3.512788e+03  27.00
  88.67 -1.387000e-06 3.513058e+03  27.00
  88.67 -1.392000e-06 3.513329e+03  27.00
  88.56 -1.395000e-06 3.513599e+03  27.00
  88.56 -1.400000e-06 3.513869e+03  27.00
  88.44 -1.403000e-06 3.514140e+03  27.00
  88.44 -1.405000e-06 3.514410e+03  27.00
  88.33 -1.407000e-06 3.514680e+03  27.00
  88.24 -1.410000e-06 3.514951e+03  27.00
  88.24 -1.412000e-06 3.515221e+03  27.00
  88.12 -1.416000e-06 3.515492e+03  27.00
  88.12 -1.417000e-06 3.515762e+03  27.00
  88.00 -1.418000e-06 3.516032e+03  27.00
  88.00 -1.420000e-06 3.516304e+03  27.00
  87.89 -1.420000e-06 3.516574e+03  27.00
  87.89 -1.425000e-06 3.516844e+03  27.00
  87.80 -1.426000e-06 3.517114e+03  27.00
  87.80 -1.428000e-06 3.517385e+03  27.00
  87.68 -1.430000e-06 3.517655e+03  27.00
  87.68 -1.430000e-06 3.517925e+03  27.00
  87.57 -1.432000e-06 3.518196e+03  27.00
  87.57 -1.436000e-06 3.518466e+03  27.00
  87.47 -1.437000e-06 3.518737e+03  27.00
  87.47 -1.438000e-06 3.519008e+03  27.00
  87.36 -1.442000e-06 3.519279e+03  27.00
  87.36 -1.443000e-06 3.519548e+03  27.00
  87.27 -1.445000e-06 3.519818e+03  27.00
  87.27 -1.447000e-06 3.520089e+03  27.00
  87.15 -1.450000e-06 3.520360e+03  27.00
  87.15 -1.451000e-06 3.520630e+03  27.00
  87.03 -1.455000e-06 3.520900e+03  27.00
  87.03 -1.456000e-06 3.521171e+03  27.00
  86.94 -1.457000e-06 3.521441e+03  27.00
  86.94 -1.460000e-06 3.521712e+03  27.00
  86.83 -1.461000e-06 3.521982e+03  27.00
  86.83 -1.461000e-06 3.522253e+03  27.00
  86.73 -1.461000e-06 3.522523e+03  27.00
  86.73 -1.462000e-06 3.522793e+03  27.00
  86.62 -1.463000e-06 3.523064e+03  27.00
  86.62 -1.466000e-06 3.523334e+03  27.00
  86.53 -1.467000e-06 3.523605e+03  27.00
  86.53 -1.468000e-06 3.523875e+03  27.00
  86.41 -1.468000e-06 3.524145e+03  27.00
  86.41 -1.470000e-06 3.524416e+03  27.00
  86.30 -1.472000e-06 3.524686e+03  27.00
  86.30 -1.473000e-06 3.524957e+03  27.00
  86.20 -1.476000e-06 3.525227e+03  27.00
  86.20 -1.480000e-06 3.525498e+03  27.00
  86.11 -1.482000e-06 3.525768e+03  27.00
  86.11 -1.486000e-06 3.526039e+03  27.00
  86.00 -1.488000e-06 3.526309e+03  27.00
  86.00 -1.491000e-06 3.526579e+03  27.00
  85.90 -1.493000e-06 3.526850e+03  27.00
  85.90 -1.493000e-06 3.527120e+03  27.00
  85.79 -1.495000e-06 3.527391e+03  27.00
  85.79 -1.497000e-06 3.527661e+03  27.00
  85.70 -1.500000e-06 3.527932e+03  27.00
  85.70 -1.503000e-06 3.528202e+03  27.00
  85.60 -1.505000e-06 3.528472e+03  27.00
  85.60 -1.505000e-06 3.528742e+03  27.00
  85.49 -1.507000e-06 3.529013e+03  27.00
  85.49 -1.511000e-06 3.529284e+03  27.00
  85.39 -1.512000e-06 3.529554e+03  27.00
  85.39 -1.516000e-06 3.529824e+03  27.00
  85.30 -1.517000e-06 3.530095e+03  27.00
  85.30 -1.520000e-06 3.530365e+03  27.00
  85.19 -1.523000e-06 3.530636e+03  27.00
  85.19 -1.525000e-06 3.530906e+03  27.00
  85.09 -1.526000e-06 3.531177e+03  27.00
