  79.41 -1.892000e-06 3.587966e+03  27.00
  79.41 -1.893000e-06 3.588236e+03  27.00
  79.41 -1.893000e-06 3.588507e+03  27.00
  79.38 -1.897000e-06 3.588777e+03  27.00
  79.38 -1.897000e-06 3.589048e+03  27.00
  79.36 -1.898000e-06 3.589317e+03  27.00
  79.36 -1.898000e-06 3.589588e+03  27.00
  79.36 -1.900000e-06 3.589859e+03  27.00
  79.36 -1.900000e-06 3.590129e+03  27.00
  79.34 -1.900000e-06 3.590399e+03  27.00
  79.34 -1.900000e-06 3.590670e+03  27.00
  79.34 -1.900000e-06 3.590940e+03  27.00
  79.34 -1.902000e-06 3.591211e+03  27.00
  79.32 -1.902000e-06 3.591481e+03  27.00
  79.32 -1.905000e-06 3.591751e+03  27.00
  79.32 -1.905000e-06 3.592022e+03  27.00
  79.32 -1.905000e-06 3.592293e+03  27.00
  79.29 -1.903000e-06 3.592563e+03  27.00
  79.29 -1.905000e-06 3.592834e+03  27.00
  79.29 -1.905000e-06 3.593104e+03  27.00
  79.29 -1.905000e-06 3.593374e+03  27.00
  79.27 -1.906000e-06 3.593644e+03  27.00
  79.27 -1.905000e-06 3.593915e+03  27.00
  79.27 -1.905000e-06 3.594185e+03  27.00
  79.27 -1.903000e-06 3.594456e+03  27.00
  79.25 -1.903000e-06 3.594726e+03  27.00
  79.25 -1.903000e-06 3.594997e+03  27.00
  79.25 -1.905000e-06 3.595267e+03  27.00
  79.25 -1.906000e-06 3.595538e+03  27.00
  79.22 -1.828000e-06 3.595808e+03  27.00
  79.22 -1.756000e-06 3.596078e+03  27.00
  79.22 -1.767000e-06 3.596349e+03  27.00
  79.22 -1.902000e-06 3.596619e+03  27.00
  79.22 -2.097000e-06 3.596889e+03  27.00
  79.22 -2.221000e-06 3.597160e+03  27.00
  79.20 -2.273000e-06 3.597430e+03  27.00
  79.20 -2.283000e-06 3.597701e+03  27.00
  79.20 -2.270000e-06 3.597972e+03  27.00
  79.20 -2.241000e-06 3.598242e+03  27.00
  79.20 -2.205000e-06 3.598512e+03  27.00
  79.18 -2.171000e-06 3.598783e+03  27.00
  79.18 -2.135000e-06 3.599053e+03  27.00
  79.18 -2.102000e-06 3.599324e+03  27.00
  79.18 -2.073000e-06 3.599594e+03  27.00
  79.16 -2.047000e-06 3.599864e+03  27.00
  79.16 -2.026000e-06 3.600135e+03  27.00
  79.16 -2.005000e-06 3.600405e+03  27.00
  79.16 -1.990000e-06 3.600676e+03  27.00
  79.16 -1.977000e-06 3.600946e+03  27.00
  79.16 -1.966000e-06 3.601216e+03  27.00
  79.13 -1.956000e-06 3.601487e+03  27.00
  79.13 -1.948000e-06 3.601757e+03  27.00
  79.13 -1.942000e-06 3.602028e+03  27.00
  79.13 -1.936000e-06 3.602299e+03  27.00
  79.13 -1.931000e-06 3.602568e+03  27.00
  79.13 -1.928000e-06 3.602839e+03  27.00
  79.13 -1.953000e-06 3.603109e+03  27.00
  79.13 -1.986000e-06 3.603380e+03  27.00
  79.11 -1.998000e-06 3.603650e+03  27.00
  79.11 -2.003000e-06 3.603920e+03  27.00
  79.11 -2.001000e-06 3.604191e+03  27.00
  79.11 -1.996000e-06 3.604461e+03  27.00
  79.13 -1.990000e-06 3.604732e+03  27.00
  79.13 -1.981000e-06 3.605002e+03  27.00
  79.13 -1.973000e-06 3.605273e+03  27.00
  79.13 -1.966000e-06 3.605543e+03  27.00
  79.16 -1.958000e-06 3.605815e+03  27.00
  79.16 -1.952000e-06 3.606084e+03  27.00
  79.16 -1.947000e-06 3.606354e+03  27.00
  79.16 -1.942000e-06 3.606625e+03  27.00
  79.18 -1.937000e-06 3.606895e+03  27.00
  79.18 -1.933000e-06 3.607166e+03  27.00
  79.22 -1.930000e-06 3.607436e+03  27.00
  79.22 -1.925000e-06 3.607706e+03  27.00
  79.25 -1.923000e-06 3.607977e+03  27.00
  79.25 -1.922000e-06 3.608247e+03  27.00
  79.29 -1.922000e-06 3.608518e+03  27.00
  79.29 -1.921000e-06 3.608789e+03  27.00
  79.32 -1.918000e-06 3.609059e+03  27.00
  79.32 -1.916000e-06 3.609329e+03  27.00
  79.36 -1.912000e-06 3.609600e+03  27.00
  79.36 -1.911000e-06 3.609870e+03  27.00
  79.41 -1.910000e-06 3.610140e+03  27.00
  79.41 -1.906000e-06 3.610411e+03  27.00
  79.48 -1.905000e-06 3.610681e+03  27.00
  79.48 -1.902000e-06 3.610952e+03  27.00
  79.52 -1.898000e-06 3.611222e+03  27.00
  79.52 -1.896000e-06 3.611493e+03  27.00
  79.59 -1.893000e-06 3.611763e+03  27.00
  79.59 -1.892000e-06 3.612034e+03  27.00
  79.64 -1.892000e-06 3.612304e+03  27.00
  79.64 -1.891000e-06 3.612574e+03  27.00
  79.71 -1.887000e-06 3.612845e+03  27.00
  79.71 -1.885000e-06 3.613115e+03  27.00
  79.75 -1.881000e-06 3.613385e+03  27.00
  79.75 -1.880000e-06 3.613656e+03  27.00
  79.82 -1.878000e-06 3.613926e+03  27.00
  79.82 -1.875000e-06 3.614197e+03  27.00
  79.89 -1.875000e-06 3.614468e+03  27.00
  79.89 -1.875000e-06 3.614737e+03  27.00
  79.96 -1.873000e-06 3.615008e+03  27.00
  79.96 -1.871000e-06 3.615278e+03  27.00
  80.03 -1.868000e-06 3.615549e+03  27.00
  80.03 -1.867000e-06 3.615819e+03  27.00
  80.10 -1.866000e-06 3.616090e+03  27.00
  80.10 -1.862000e-06 3.616360e+03  27.00
  80.17 -1.861000e-06 3.616631e+03  27.00
  80.17 -1.861000e-06 3.616901e+03  27.00
  80.24 -1.860000e-06 3.617172e+03  27.00
  80.24 -1.858000e-06 3.617442e+03  27.00
  80.30 -1.855000e-06 3.617712e+03  27.00
  80.30 -1.852000e-06 3.617983e+03  27.00
  80.37 -1.847000e-06 3.618253e+03  27.00
  80.44 -1.843000e-06 3.618524e+03  27.00
  80.44 -1.842000e-06 3.618795e+03  27.00
  80.53 -1.841000e-06 3.619064e+03  27.00
  80.53 -1.840000e-06 3.619335e+03  27.00
  80.60 -1.837000e-06 3.619605e+03  27.00
  80.60 -1.837000e-06 3.619876e+03  27.00
  80.67 -1.836000e-06 3.620146e+03  27.00
  80.67 -1.833000e-06 3.620416e+03  27.00
  80.76 -1.830000e-06 3.620687e+03  27.00
  80.76 -1.828000e-06 3.620957e+03  27.00
  80.83 -1.827000e-06 3.621228e+03  27.00
  80.83 -1.823000e-06 3.621498e+03  27.00
  80.90 -1.822000e-06 3.621769e+03  27.00
  80.90 -1.821000e-06 3.622039e+03  27.00
  80.99 -1.818000e-06 3.622309e+03  27.00
  80.99 -1.816000e-06 3.622580e+03  27.00
  81.06 -1.812000e-06 3.622850e+03  27.00
  81.06 -1.810000e-06 3.623121e+03  27.00
  81.13 -1.806000e-06 3.623391e+03  27.00
  81.13 -1.803000e-06 3.623662e+03  27.00
  81.22 -1.800000e-06 3.623932e+03  27.00
  81.22 -1.798000e-06 3.624203e+03  27.00
  81.29 -1.796000e-06 3.624473e+03  27.00
  81.29 -1.793000e-06 3.624744e+03  27.00
  81.38 -1.793000e-06 3.625014e+03  27.00
  81.38 -1.792000e-06 3.625284e+03  27.00
  81.45 -1.787000e-06 3.625555e+03  27.00
  81.45 -1.785000e-06 3.625825e+03  27.00
  81.55 -1.780000e-06 3.626095e+03  27.00
  81.55 -1.777000e-06 3.626367e+03  27.00
  81.61 -1.773000e-06 3.626636e+03  27.00
  81.61 -1.771000e-06 3.626907e+03  27.00
  81.71 -1.767000e-06 3.627177e+03  27.00
  81.71 -1.766000e-06 3.627447e+03  27.00
  81.78 -1.765000e-06 3.627718e+03  27.00
  81.78 -1.762000e-06 3.627989e+03  27.00
  81.87 -1.761000e-06 3.628259e+03  27.00
  81.87 -1.760000e-06 3.628530e+03  27.00
  81.94 -1.756000e-06 3.628801e+03  27.00
  81.94 -1.756000e-06 3.629070e+03  27.00
  82.01 -1.755000e-06 3.629340e+03  27.00
  82.01 -1.752000e-06 3.629611e+03  27.00
  82.10 -1.748000e-06 3.629882e+03  27.00
  82.10 -1.743000e-06 3.630152e+03  27.00
  82.17 -1.743000e-06 3.630423e+03  27.00
  82.17 -1.742000e-06 3.630692e+03  27.00
  82.24 -1.742000e-06 3.630963e+03  27.00
  82.24 -1.740000e-06 3.631234e+03  27.00
  82.33 -1.736000e-06 3.631504e+03  27.00
  82.33 -1.731000e-06 3.631776e+03  27.00
  82.40 -1.730000e-06 3.632045e+03  27.00
  82.40 -1.725000e-06 3.632315e+03  27.00
  82.47 -1.722000e-06 3.632586e+03  27.00
  82.47 -1.718000e-06 3.632856e+03  27.00
  82.56 -1.716000e-06 3.633126e+03  27.00
  82.56 -1.715000e-06 3.633397e+03  27.00
  82.63 -1.715000e-06 3.633667e+03  27.00
  82.63 -1.716000e-06 3.633938e+03  27.00
  82.70 -1.715000e-06 3.634209e+03  27.00
  82.70 -1.715000e-06 3.634479e+03  27.00
  82.76 -1.712000e-06 3.634749e+03  27.00
  82.76 -1.711000e-06 3.635020e+03  27.00
  82.83 -1.711000e-06 3.635291e+03  27.00
  82.83 -1.711000e-06 3.635561e+03  27.00
  82.90 -1.710000e-06 3.635831e+03  27.00
  82.90 -1.706000e-06 3.636102e+03  27.00
  82.97 -1.705000e-06 3.636371e+03  27.00
  82.97 -1.702000e-06 3.636642e+03  27.00
  83.04 -1.698000e-06 3.636912e+03  27.00
  83.04 -1.693000e-06 3.637184e+03  27.00
  83.11 -1.693000e-06 3.637453e+03  27.00
  83.11 -1.692000e-06 3.637724e+03  27.00
  83.18 -1.691000e-06 3.637994e+03  27.00
  83.18 -1.691000e-06 3.638265e+03  27.00
  83.27 -1.690000e-06 3.638535e+03  27.00
  83.27 -1.690000e-06 3.638806e+03  27.00
  83.34 -1.686000e-06 3.639076e+03  27.00
  83.41 -1.685000e-06 3.639346e+03  27.00
  83.41 -1.681000e-06 3.639617e+03  27.00
  83.45 -1.680000e-06 3.639887e+03  27.00
  83.45 -1.678000e-06 3.640158e+03  27.00
  83.52 -1.675000e-06 3.640430e+03  27.00
  83.52 -1.672000e-06 3.640698e+03  27.00
  83.59 -1.671000e-06 3.640969e+03  27.00
  83.59 -1.667000e-06 3.641239e+03  27.00
  83.66 -1.667000e-06 3.641510e+03  27.00
  83.66 -1.666000e-06 3.641780e+03  27.00
  83.73 -1.665000e-06 3.642050e+03  27.00
  83.73 -1.662000e-06 3.642321e+03  27.00
  83.80 -1.662000e-06 3.642591e+03  27.00
  83.80 -1.661000e-06 3.642862e+03  27.00
  83.87 -1.658000e-06 3.643133e+03  27.00
  83.87 -1.656000e-06 3.643402e+03  27.00
  83.94 -1.653000e-06 3.643673e+03  27.00
  83.94 -1.652000e-06 3.643943e+03  27.00
  83.99 -1.652000e-06 3.644214e+03  27.00
  83.99 -1.650000e-06 3.644484e+03  27.00
  84.06 -1.648000e-06 3.644755e+03  27.00
  84.06 -1.647000e-06 3.645025e+03  27.00
  84.12 -1.643000e-06 3.645297e+03  27.00
  84.12 -1.642000e-06 3.645566e+03  27.00
  84.17 -1.640000e-06 3.645837e+03  27.00
  84.17 -1.637000e-06 3.646107e+03  27.00
  84.24 -1.635000e-06 3.646377e+03  27.00
  84.24 -1.631000e-06 3.646649e+03  27.00
  84.29 -1.633000e-06 3.646918e+03  27.00
  84.29 -1.631000e-06 3.647189e+03  27.00
  84.36 -1.630000e-06 3.647459e+03  27.00
  84.36 -1.628000e-06 3.647729e+03  27.00
  84.40 -1.627000e-06 3.648000e+03  27.00
  84.40 -1.623000e-06 3.648270e+03  27.00
  84.47 -1.622000e-06 3.648541e+03  27.00
  84.47 -1.618000e-06 3.648811e+03  27.00
  84.54 -1.616000e-06 3.649083e+03  27.00
  84.54 -1.615000e-06 3.649352e+03  27.00
  84.59 -1.612000e-06 3.649622e+03  27.00
  84.59 -1.611000e-06 3.649893e+03  27.00
  84.66 -1.611000e-06 3.650163e+03  27.00
  84.66 -1.611000e-06 3.650434e+03  27.00
  84.75 -1.611000e-06 3.650704e+03  27.00
  84.75 -1.611000e-06 3.650974e+03  27.00
  84.82 -1.610000e-06 3.651245e+03  27.00
  84.82 -1.608000e-06 3.651515e+03  27.00
  84.91 -1.606000e-06 3.651786e+03  27.00
  84.91 -1.605000e-06 3.652056e+03  27.00
  84.98 -1.603000e-06 3.652327e+03  27.00
  84.98 -1.600000e-06 3.652598e+03  27.00
  85.07 -1.596000e-06 3.652868e+03  27.00
  85.07 -1.593000e-06 3.653138e+03  27.00
  85.16 -1.591000e-06 3.653408e+03  27.00
  85.16 -1.587000e-06 3.653679e+03  27.00
  85.28 -1.586000e-06 3.653949e+03  27.00
  85.28 -1.586000e-06 3.654220e+03  27.00
  85.37 -1.585000e-06 3.654490e+03  27.00
  85.37 -1.582000e-06 3.654761e+03  27.00
  85.49 -1.581000e-06 3.655031e+03  27.00
  85.49 -1.578000e-06 3.655302e+03  27.00
  85.58 -1.575000e-06 3.655572e+03  27.00
  85.58 -1.572000e-06 3.655842e+03  27.00
  85.70 -1.568000e-06 3.656113e+03  27.00
  85.70 -1.566000e-06 3.656383e+03  27.00
  85.81 -1.562000e-06 3.656653e+03  27.00
  85.81 -1.557000e-06 3.656924e+03  27.00
  85.93 -1.555000e-06 3.657194e+03  27.00
  85.93 -1.551000e-06 3.657465e+03  27.00
  86.04 -1.548000e-06 3.657735e+03  27.00
  86.04 -1.543000e-06 3.658006e+03  27.00
  86.16 -1.542000e-06 3.658276e+03  27.00
  86.16 -1.538000e-06 3.658546e+03  27.00
  86.27 -1.536000e-06 3.658817e+03  27.00
  86.27 -1.535000e-06 3.659087e+03  27.00
  86.41 -1.532000e-06 3.659358e+03  27.00
  86.53 -1.531000e-06 3.659630e+03  27.00
  86.53 -1.528000e-06 3.659899e+03  27.00
  86.64 -1.528000e-06 3.660169e+03  27.00
  86.64 -1.525000e-06 3.660440e+03  27.00
  86.78 -1.523000e-06 3.660710e+03  27.00
  86.78 -1.520000e-06 3.660980e+03  27.00
  86.90 -1.518000e-06 3.661251e+03  27.00
  86.90 -1.513000e-06 3.661521e+03  27.00
  87.03 -1.512000e-06 3.661792e+03  27.00
  87.03 -1.510000e-06 3.662062e+03  27.00
  87.17 -1.506000e-06 3.662333e+03  27.00
  87.17 -1.503000e-06 3.662603e+03  27.00
  87.29 -1.500000e-06 3.662873e+03  27.00
  87.29 -1.497000e-06 3.663143e+03  27.00
  87.43 -1.493000e-06 3.663414e+03  27.00
  87.43 -1.488000e-06 3.663684e+03  27.00
  87.57 -1.487000e-06 3.663955e+03  27.00
  87.57 -1.485000e-06 3.664225e+03  27.00
  87.70 -1.481000e-06 3.664496e+03  27.00
  87.70 -1.480000e-06 3.664766e+03  27.00
  87.84 -1.476000e-06 3.665036e+03  27.00
  87.84 -1.475000e-06 3.665307e+03  27.00
  87.96 -1.473000e-06 3.665577e+03  27.00
  87.96 -1.470000e-06 3.665848e+03  27.00
  88.10 -1.468000e-06 3.666119e+03  27.00
  88.10 -1.468000e-06 3.666390e+03  27.00
  88.24 -1.466000e-06 3.666659e+03  27.00
  88.24 -1.466000e-06 3.666929e+03  27.00
  88.37 -1.462000e-06 3.667200e+03  27.00
  88.37 -1.462000e-06 3.667471e+03  27.00
  88.51 -1.460000e-06 3.667741e+03  27.00
  88.51 -1.460000e-06 3.668012e+03  27.00
  88.63 -1.457000e-06 3.668282e+03  27.00
  88.63 -1.460000e-06 3.668552e+03  27.00
  88.77 -1.457000e-06 3.668822e+03  27.00
  88.77 -1.460000e-06 3.669093e+03  27.00
  88.91 -1.457000e-06 3.669364e+03  27.00
  88.91 -1.457000e-06 3.669634e+03  27.00
  89.02 -1.456000e-06 3.669904e+03  27.00
  89.02 -1.453000e-06 3.670175e+03  27.00
  89.16 -1.451000e-06 3.670445e+03  27.00
  89.16 -1.450000e-06 3.670716e+03  27.00
  89.30 -1.447000e-06 3.670986e+03  27.00
  89.30 -1.447000e-06 3.671257e+03  27.00
  89.41 -1.445000e-06 3.671527e+03  27.00
  89.41 -1.442000e-06 3.671798e+03  27.00
  89.55 -1.438000e-06 3.672068e+03  27.00
  89.55 -1.436000e-06 3.672338e+03  27.00
  89.67 -1.432000e-06 3.672608e+03  27.00
  89.67 -1.431000e-06 3.672879e+03  27.00
  89.81 -1.430000e-06 3.673150e+03  27.00
  89.81 -1.428000e-06 3.673420e+03  27.00
  89.94 -1.426000e-06 3.673691e+03  27.00
  89.94 -1.426000e-06 3.673961e+03  27.00
  90.06 -1.425000e-06 3.674231e+03  27.00
  90.06 -1.423000e-06 3.674502e+03  27.00
  90.20 -1.422000e-06 3.674772e+03  27.00
  90.20 -1.420000e-06 3.675043e+03  27.00
  90.31 -1.418000e-06 3.675313e+03  27.00
  90.31 -1.417000e-06 3.675583e+03  27.00
  90.45 -1.413000e-06 3.675854e+03  27.00
  90.45 -1.413000e-06 3.676124e+03  27.00
  90.57 -1.413000e-06 3.676394e+03  27.00
  90.57 -1.413000e-06 3.676665e+03  27.00
  90.71 -1.413000e-06 3.676936e+03  27.00
  90.71 -1.412000e-06 3.677206e+03  27.00
  90.85 -1.412000e-06 3.677476e+03  27.00
  90.85 -1.411000e-06 3.677747e+03  27.00
  90.96 -1.407000e-06 3.678017e+03  27.00
  90.96 -1.403000e-06 3.678287e+03  27.00
  91.08 -1.400000e-06 3.678558e+03  27.00
  91.08 -1.397000e-06 3.678828e+03  27.00
  91.19 -1.392000e-06 3.679099e+03  27.00
  91.19 -1.391000e-06 3.679369e+03  27.00
  91.31 -1.388000e-06 3.679640e+03  27.00
  91.31 -1.387000e-06 3.679910e+03  27.00
  91.42 -1.386000e-06 3.680181e+03  27.00
  91.54 -1.385000e-06 3.680451e+03  27.00
  91.54 -1.385000e-06 3.680721e+03  27.00
  91.63 -1.382000e-06 3.680992e+03  27.00
  91.63 -1.381000e-06 3.681262e+03  27.00
  91.75 -1.380000e-06 3.681533e+03  27.00
  91.75 -1.381000e-06 3.681804e+03  27.00
  91.84 -1.381000e-06 3.682073e+03  27.00
  91.84 -1.380000e-06 3.682344e+03  27.00
  91.93 -1.380000e-06 3.682614e+03  27.00
  91.93 -1.378000e-06 3.682885e+03  27.00
  92.02 -1.376000e-06 3.683155e+03  27.00
  92.02 -1.373000e-06 3.683425e+03  27.00
  92.12 -1.372000e-06 3.683696e+03  27.00
  92.12 -1.370000e-06 3.683967e+03  27.00
  92.21 -1.370000e-06 3.684237e+03  27.00
  92.21 -1.370000e-06 3.684507e+03  27.00
  92.30 -1.367000e-06 3.684778e+03  27.00
  92.30 -1.367000e-06 3.685048e+03  27.00
  92.37 -1.363000e-06 3.685318e+03  27.00
  92.37 -1.362000e-06 3.685589e+03  27.00
  92.46 -1.361000e-06 3.685859e+03  27.00
  92.46 -1.360000e-06 3.686130e+03  27.00
  92.55 -1.357000e-06 3.686400e+03  27.00
  92.55 -1.356000e-06 3.686670e+03  27.00
  92.62 -1.355000e-06 3.686941e+03  27.00
  92.62 -1.355000e-06 3.687212e+03  27.00
  92.72 -1.355000e-06 3.687482e+03  27.00
  92.72 -1.356000e-06 3.687752e+03  27.00
  92.79 -1.355000e-06 3.688023e+03  27.00
  92.79 -1.355000e-06 3.688294e+03  27.00
  92.88 -1.353000e-06 3.688564e+03  27.00
  92.88 -1.351000e-06 3.688834e+03  27.00
  92.95 -1.350000e-06 3.689105e+03  27.00
  92.95 -1.347000e-06 3.689375e+03  27.00
  93.02 -1.348000e-06 3.689645e+03  27.00
  93.02 -1.350000e-06 3.689916e+03  27.00
  93.09 -1.348000e-06 3.690186e+03  27.00
  93.09 -1.347000e-06 3.690456e+03  27.00
  93.18 -1.347000e-06 3.690727e+03  27.00
  93.18 -1.347000e-06 3.690997e+03  27.00
  93.25 -1.345000e-06 3.691268e+03  27.00
  93.25 -1.343000e-06 3.691539e+03  27.00
  93.32 -1.342000e-06 3.691809e+03  27.00
  93.32 -1.341000e-06 3.692079e+03  27.00
  93.39 -1.341000e-06 3.692351e+03  27.00
  93.39 -1.338000e-06 3.692620e+03  27.00
  93.48 -1.337000e-06 3.692891e+03  27.00
  93.48 -1.336000e-06 3.693161e+03  27.00
  93.55 -1.335000e-06 3.693431e+03  27.00
  93.55 -1.335000e-06 3.693702e+03  27.00
  93.64 -1.335000e-06 3.693972e+03  27.00
  93.64 -1.332000e-06 3.694242e+03  27.00
  93.71 -1.332000e-06 3.694513e+03  27.00
  93.71 -1.331000e-06 3.694784e+03  27.00
  93.81 -1.332000e-06 3.695054e+03  27.00
  93.81 -1.331000e-06 3.695324e+03  27.00
  93.88 -1.331000e-06 3.695595e+03  27.00
  93.88 -1.330000e-06 3.695865e+03  27.00
  93.97 -1.328000e-06 3.696135e+03  27.00
  93.97 -1.326000e-06 3.696406e+03  27.00
  94.04 -1.325000e-06 3.696676e+03  27.00
  94.04 -1.325000e-06 3.696947e+03  27.00
  94.13 -1.325000e-06 3.697217e+03  27.00
  94.13 -1.325000e-06 3.697488e+03  27.00
  94.23 -1.326000e-06 3.697758e+03  27.00
  94.23 -1.326000e-06 3.698028e+03  27.00
  94.30 -1.323000e-06 3.698299e+03  27.00
  94.30 -1.322000e-06 3.698570e+03  27.00
  94.39 -1.320000e-06 3.698840e+03  27.00
  94.39 -1.328000e-06 3.699110e+03  27.00
  94.46 -1.332000e-06 3.699381e+03  27.00
  94.46 -1.335000e-06 3.699651e+03  27.00
  94.55 -1.330000e-06 3.699921e+03  27.00
  94.55 -1.325000e-06 3.700192e+03  27.00
  94.62 -1.320000e-06 3.700462e+03  27.00
  94.62 -1.316000e-06 3.700733e+03  27.00
  94.72 -1.312000e-06 3.701004e+03  27.00
  94.79 -1.311000e-06 3.701273e+03  27.00
  94.79 -1.310000e-06 3.701544e+03  27.00
  94.88 -1.307000e-06 3.701815e+03  27.00
  94.88 -1.306000e-06 3.702085e+03  27.00
  94.95 -1.305000e-06 3.702355e+03  27.00
  94.95 -1.303000e-06 3.702626e+03  27.00
  95.04 -1.301000e-06 3.702896e+03  27.00
  95.04 -1.301000e-06 3.703167e+03  27.00
  95.11 -1.301000e-06 3.703437e+03  27.00
  95.11 -1.300000e-06 3.703707e+03  27.00
  95.21 -1.298000e-06 3.703978e+03  27.00
  95.21 -1.295000e-06 3.704248e+03  27.00
  95.28 -1.295000e-06 3.704519e+03  27.00
  95.28 -1.293000e-06 3.704789e+03  27.00
  95.37 -1.293000e-06 3.705060e+03  27.00
  95.37 -1.293000e-06 3.705330e+03  27.00
  95.44 -1.292000e-06 3.705601e+03  27.00
  95.44 -1.291000e-06 3.705871e+03  27.00
  95.53 -1.291000e-06 3.706141e+03  27.00
  95.53 -1.291000e-06 3.706412e+03  27.00
  95.63 -1.291000e-06 3.706682e+03  27.00
  95.63 -1.288000e-06 3.706953e+03  27.00
  95.70 -1.288000e-06 3.707223e+03  27.00
  95.70 -1.287000e-06 3.707493e+03  27.00
  95.79 -1.288000e-06 3.707764e+03  27.00
  95.79 -1.287000e-06 3.708034e+03  27.00
  95.88 -1.287000e-06 3.708305e+03  27.00
  95.88 -1.287000e-06 3.708575e+03  27.00
  95.95 -1.287000e-06 3.708845e+03  27.00
  95.95 -1.287000e-06 3.709116e+03  27.00
  96.05 -1.287000e-06 3.709386e+03  27.00
  96.05 -1.286000e-06 3.709658e+03  27.00
  96.14 -1.285000e-06 3.709927e+03  27.00
  96.14 -1.282000e-06 3.710197e+03  27.00
  96.21 -1.281000e-06 3.710468e+03  27.00
  96.21 -1.280000e-06 3.710738e+03  27.00
  96.30 -1.278000e-06 3.711009e+03  27.00
  96.30 -1.275000e-06 3.711279e+03  27.00
  96.39 -1.273000e-06 3.711550e+03  27.00
  96.39 -1.273000e-06 3.711820e+03  27.00
  96.46 -1.272000e-06 3.712091e+03  27.00
  96.46 -1.268000e-06 3.712361e+03  27.00
  96.56 -1.267000e-06 3.712631e+03  27.00
  96.56 -1.266000e-06 3.712902e+03  27.00
  96.65 -1.263000e-06 3.713172e+03  27.00
  96.65 -1.262000e-06 3.713443e+03  27.00
  96.74 -1.262000e-06 3.713713e+03  27.00
  96.74 -1.261000e-06 3.713984e+03  27.00
  96.84 -1.261000e-06 3.714254e+03  27.00
  96.84 -1.261000e-06 3.714524e+03  27.00
  96.93 -1.261000e-06 3.714796e+03  27.00
  96.93 -1.262000e-06 3.715065e+03  27.00
  97.02 -1.262000e-06 3.715336e+03  27.00
  97.02 -1.262000e-06 3.715606e+03  27.00
  97.14 -1.263000e-06 3.715876e+03  27.00
  97.14 -1.263000e-06 3.716147e+03  27.00
  97.23 -1.263000e-06 3.716418e+03  27.00
  97.23 -1.261000e-06 3.716688e+03  27.00
  97.33 -1.262000e-06 3.716958e+03  27.00
  97.33 -1.261000e-06 3.717228e+03  27.00
  97.42 -1.257000e-06 3.717499e+03  27.00
  97.42 -1.256000e-06 3.717769e+03  27.00
  97.54 -1.255000e-06 3.718040e+03  27.00
  97.54 -1.251000e-06 3.718311e+03  27.00
  97.63 -1.250000e-06 3.718581e+03  27.00
  97.63 -1.250000e-06 3.718851e+03  27.00
  97.72 -1.250000e-06 3.719122e+03  27.00
  97.72 -1.248000e-06 3.719392e+03  27.00
  97.84 -1.247000e-06 3.719662e+03  27.00
  97.84 -1.245000e-06 3.719933e+03  27.00
  97.93 -1.242000e-06 3.720204e+03  27.00
  97.93 -1.242000e-06 3.720474e+03  27.00
  98.05 -1.242000e-06 3.720744e+03  27.00
  98.05 -1.242000e-06 3.721015e+03  27.00
  98.14 -1.238000e-06 3.721285e+03  27.00
  98.14 -1.241000e-06 3.721555e+03  27.00
  98.26 -1.238000e-06 3.721826e+03  27.00
  98.35 -1.237000e-06 3.722096e+03  27.00
  98.35 -1.235000e-06 3.722367e+03  27.00
  98.47 -1.231000e-06 3.722637e+03  27.00
  98.47 -1.230000e-06 3.722908e+03  27.00
  98.56 -1.228000e-06 3.723178e+03  27.00
  98.56 -1.226000e-06 3.723448e+03  27.00
  98.68 -1.223000e-06 3.723719e+03  27.00
  98.68 -1.222000e-06 3.723989e+03  27.00
  98.77 -1.220000e-06 3.724260e+03  27.00
  98.77 -1.220000e-06 3.724530e+03  27.00
  98.89 -1.218000e-06 3.724801e+03  27.00
  98.89 -1.220000e-06 3.725071e+03  27.00
  98.98 -1.222000e-06 3.725341e+03  27.00
  98.98 -1.220000e-06 3.725612e+03  27.00
  99.08 -1.218000e-06 3.725882e+03  27.00
  99.08 -1.216000e-06 3.726152e+03  27.00
  99.19 -1.212000e-06 3.726423e+03  27.00
  99.19 -1.212000e-06 3.726693e+03  27.00
  99.29 -1.211000e-06 3.726964e+03  27.00
  99.29 -1.211000e-06 3.727234e+03  27.00
  99.40 -1.211000e-06 3.727505e+03  27.00
  99.40 -1.210000e-06 3.727775e+03  27.00
  99.50 -1.207000e-06 3.728046e+03  27.00
  99.50 -1.206000e-06 3.728316e+03  27.00
  99.61 -1.205000e-06 3.728587e+03  27.00
  99.61 -1.203000e-06 3.728857e+03  27.00
  99.71 -1.203000e-06 3.729127e+03  27.00
  99.71 -1.201000e-06 3.729397e+03  27.00
  99.82 -1.203000e-06 3.729668e+03  27.00
  99.82 -1.201000e-06 3.729939e+03  27.00
  99.91 -1.200000e-06 3.730209e+03  27.00
  99.91 -1.198000e-06 3.730480e+03  27.00
 100.01 -1.196000e-06 3.730750e+03  27.00
 100.01 -1.196000e-06 3.731020e+03  27.00
 100.12 -1.195000e-06 3.731291e+03  27.00
 100.12 -1.193000e-06 3.731561e+03  27.00
 100.22 -1.192000e-06 3.731832e+03  27.00
 100.22 -1.190000e-06 3.732102e+03  27.00
 100.31 -1.188000e-06 3.732372e+03  27.00
 100.31 -1.187000e-06 3.732643e+03  27.00
 100.40 -1.182000e-06 3.732913e+03  27.00
 100.40 -1.181000e-06 3.733184e+03  27.00
 100.50 -1.177000e-06 3.733454e+03  27.00
 100.50 -1.176000e-06 3.733724e+03  27.00
 100.57 -1.176000e-06 3.733995e+03  27.00
 100.57 -1.177000e-06 3.734266e+03  27.00
 100.66 -1.176000e-06 3.734536e+03  27.00
 100.66 -1.177000e-06 3.734806e+03  27.00
 100.73 -1.177000e-06 3.735077e+03  27.00
 100.73 -1.177000e-06 3.735347e+03  27.00
 100.82 -1.176000e-06 3.735618e+03  27.00
 100.82 -1.176000e-06 3.735888e+03  27.00
 100.89 -1.176000e-06 3.736158e+03  27.00
 100.89 -1.176000e-06 3.736429e+03  27.00
 100.96 -1.175000e-06 3.736699e+03  27.00
 100.96 -1.173000e-06 3.736969e+03  27.00
 101.06 -1.171000e-06 3.737240e+03  27.00
 101.06 -1.170000e-06 3.737510e+03  27.00
 101.13 -1.170000e-06 3.737781e+03  27.00
 101.13 -1.167000e-06 3.738052e+03  27.00
 101.20 -1.163000e-06 3.738322e+03  27.00
 101.20 -1.161000e-06 3.738592e+03  27.00
 101.27 -1.158000e-06 3.738862e+03  27.00
 101.27 -1.157000e-06 3.739133e+03  27.00
 101.34 -1.156000e-06 3.739403e+03  27.00
 101.34 -1.155000e-06 3.739674e+03  27.00
 101.41 -1.152000e-06 3.739945e+03  27.00
 101.41 -1.155000e-06 3.740215e+03  27.00
 101.48 -1.152000e-06 3.740485e+03  27.00
 101.48 -1.152000e-06 3.740755e+03  27.00
 101.52 -1.151000e-06 3.741026e+03  27.00
 101.52 -1.148000e-06 3.741297e+03  27.00
 101.59 -1.146000e-06 3.741567e+03  27.00
 101.59 -1.146000e-06 3.741837e+03  27.00
 101.64 -1.145000e-06 3.742108e+03  27.00
 101.64 -1.145000e-06 3.742378e+03  27.00
 101.69 -1.145000e-06 3.742648e+03  27.00
 101.73 -1.143000e-06 3.742919e+03  27.00
 101.73 -1.143000e-06 3.743190e+03  27.00
 101.78 -1.142000e-06 3.743460e+03  27.00
 101.78 -1.142000e-06 3.743730e+03  27.00
 101.83 -1.142000e-06 3.744001e+03  27.00
 101.83 -1.140000e-06 3.744271e+03  27.00
 101.85 -1.140000e-06 3.744541e+03  27.00
 101.85 -1.140000e-06 3.744812e+03  27.00
 101.90 -1.137000e-06 3.745083e+03  27.00
 101.90 -1.137000e-06 3.745353e+03  27.00
 101.94 -1.137000e-06 3.745623e+03  27.00
 101.94 -1.137000e-06 3.745894e+03  27.00
 101.99 -1.137000e-06 3.746164e+03  27.00
 101.99 -1.137000e-06 3.746434e+03  27.00
 102.01 -1.136000e-06 3.746705e+03  27.00
 102.01 -1.136000e-06 3.746975e+03  27.00
 102.06 -1.136000e-06 3.747246e+03  27.00
 102.06 -1.136000e-06 3.747516e+03  27.00
 102.11 -1.133000e-06 3.747787e+03  27.00
 102.11 -1.133000e-06 3.748057e+03  27.00
 102.15 -1.133000e-06 3.748327e+03  27.00
 102.15 -1.132000e-06 3.748598e+03  27.00
 102.18 -1.131000e-06 3.748868e+03  27.00
 102.18 -1.130000e-06 3.749139e+03  27.00
 102.22 -1.127000e-06 3.749410e+03  27.00
 102.22 -1.127000e-06 3.749680e+03  27.00
 102.27 -1.126000e-06 3.749950e+03  27.00
 102.27 -1.126000e-06 3.750221e+03  27.00
 102.32 -1.126000e-06 3.750491e+03  27.00
 102.32 -1.127000e-06 3.750761e+03  27.00
 102.36 -1.127000e-06 3.751031e+03  27.00
 102.36 -1.125000e-06 3.751303e+03  27.00
 102.41 -1.121000e-06 3.751573e+03  27.00
 102.41 -1.118000e-06 3.751843e+03  27.00
 102.46 -1.117000e-06 3.752113e+03  27.00
 102.46 -1.115000e-06 3.752384e+03  27.00
 102.50 -1.115000e-06 3.752654e+03  27.00
 102.50 -1.113000e-06 3.752926e+03  27.00
 102.57 -1.112000e-06 3.753195e+03  27.00
 102.57 -1.111000e-06 3.753466e+03  27.00
 102.62 -1.111000e-06 3.753736e+03  27.00
 102.62 -1.111000e-06 3.754006e+03  27.00
 102.67 -1.108000e-06 3.754277e+03  27.00
 102.67 -1.108000e-06 3.754547e+03  27.00
 102.71 -1.107000e-06 3.754817e+03  27.00
 102.71 -1.106000e-06 3.755088e+03  27.00
 102.76 -1.102000e-06 3.755359e+03  27.00
 102.76 -1.102000e-06 3.755629e+03  27.00
 102.78 -1.101000e-06 3.755899e+03  27.00
 102.78 -1.098000e-06 3.756169e+03  27.00
 102.83 -1.096000e-06 3.756440e+03  27.00
 102.83 -1.093000e-06 3.756711e+03  27.00
 102.88 -1.095000e-06 3.756982e+03  27.00
 102.88 -1.095000e-06 3.757252e+03  27.00
 102.90 -1.095000e-06 3.757522e+03  27.00
 102.90 -1.095000e-06 3.757792e+03  27.00
 102.95 -1.093000e-06 3.758063e+03  27.00
 102.95 -1.093000e-06 3.758333e+03  27.00
 102.97 -1.093000e-06 3.758604e+03  27.00
 102.97 -1.093000e-06 3.758874e+03  27.00
 102.99 -1.092000e-06 3.759144e+03  27.00
 102.99 -1.090000e-06 3.759415e+03  27.00
 103.02 -1.090000e-06 3.759685e+03  27.00
 103.02 -1.090000e-06 3.759955e+03  27.00
 103.02 -1.088000e-06 3.760226e+03  27.00
 103.02 -1.088000e-06 3.760497e+03  27.00
 103.04 -1.088000e-06 3.760767e+03  27.00
 103.04 -1.090000e-06 3.761037e+03  27.00
 103.04 -1.088000e-06 3.761308e+03  27.00
 103.04 -1.087000e-06 3.761579e+03  27.00
 103.04 -1.087000e-06 3.761849e+03  27.00
 103.04 -1.086000e-06 3.762119e+03  27.00
 103.04 -1.087000e-06 3.762389e+03  27.00
 103.04 -1.087000e-06 3.762660e+03  27.00
 103.04 -1.088000e-06 3.762930e+03  27.00
 103.04 -1.088000e-06 3.763201e+03  27.00
 103.04 -1.088000e-06 3.763471e+03  27.00
 103.04 -1.087000e-06 3.763741e+03  27.00
 103.04 -1.088000e-06 3.764012e+03  27.00
 103.02 -1.088000e-06 3.764282e+03  27.00
 103.02 -1.087000e-06 3.764553e+03  27.00
 103.02 -1.087000e-06 3.764823e+03  27.00
 103.02 -1.087000e-06 3.765094e+03  27.00
 102.99 -1.087000e-06 3.765364e+03  27.00
 102.99 -1.087000e-06 3.765634e+03  27.00
 102.97 -1.087000e-06 3.765905e+03  27.00
 102.97 -1.086000e-06 3.766175e+03  27.00
 102.95 -1.086000e-06 3.766446e+03  27.00
 102.95 -1.086000e-06 3.766717e+03  27.00
 102.95 -1.087000e-06 3.766987e+03  27.00
 102.95 -1.087000e-06 3.767258e+03  27.00
 102.92 -1.087000e-06 3.767528e+03  27.00
 102.92 -1.088000e-06 3.767799e+03  27.00
 102.90 -1.088000e-06 3.768069e+03  27.00
 102.90 -1.090000e-06 3.768339e+03  27.00
 102.88 -1.092000e-06 3.768609e+03  27.00
 102.88 -1.092000e-06 3.768880e+03  27.00
 102.85 -1.092000e-06 3.769150e+03  27.00
 102.85 -1.092000e-06 3.769421e+03  27.00
 102.83 -1.093000e-06 3.769691e+03  27.00
 102.83 -1.095000e-06 3.769961e+03  27.00
 102.83 -1.095000e-06 3.770233e+03  27.00
 102.83 -1.095000e-06 3.770502e+03  27.00
 102.81 -1.095000e-06 3.770773e+03  27.00
 102.81 -1.095000e-06 3.771043e+03  27.00
 102.81 -1.096000e-06 3.771313e+03  27.00
 102.81 -1.096000e-06 3.771584e+03  27.00
 102.81 -1.096000e-06 3.771854e+03  27.00
 102.81 -1.096000e-06 3.772125e+03  27.00
 102.81 -1.098000e-06 3.772395e+03  27.00
 102.81 -1.098000e-06 3.772666e+03  27.00
 102.81 -1.100000e-06 3.772936e+03  27.00
 102.81 -1.101000e-06 3.773206e+03  27.00
 102.81 -1.101000e-06 3.773477e+03  27.00
 102.81 -1.101000e-06 3.773748e+03  27.00
 102.81 -1.100000e-06 3.774018e+03  27.00
 102.81 -1.098000e-06 3.774288e+03  27.00
 102.83 -1.096000e-06 3.774559e+03  27.00
 102.83 -1.096000e-06 3.774829e+03  27.00
 102.83 -1.095000e-06 3.775100e+03  27.00
 102.83 -1.093000e-06 3.775370e+03  27.00
 102.85 -1.092000e-06 3.775640e+03  27.00
 102.85 -1.090000e-06 3.775911e+03  27.00
 102.88 -1.088000e-06 3.776181e+03  27.00
 102.88 -1.088000e-06 3.776452e+03  27.00
 102.90 -1.087000e-06 3.776722e+03  27.00
 102.90 -1.087000e-06 3.776992e+03  27.00
 102.92 -1.087000e-06 3.777263e+03  27.00
 102.92 -1.086000e-06 3.777533e+03  27.00
 102.95 -1.083000e-06 3.777805e+03  27.00
 102.95 -1.083000e-06 3.778074e+03  27.00
 102.97 -1.083000e-06 3.778345e+03  27.00
 102.97 -1.083000e-06 3.778615e+03  27.00
 102.99 -1.086000e-06 3.778886e+03  27.00
 102.99 -1.083000e-06 3.779156e+03  27.00
 103.04 -1.082000e-06 3.779426e+03  27.00
 103.04 -1.081000e-06 3.779697e+03  27.00
 103.06 -1.077000e-06 3.779967e+03  27.00
 103.06 -1.076000e-06 3.780237e+03  27.00
 103.11 -1.073000e-06 3.780508e+03  27.00
 103.11 -1.071000e-06 3.780779e+03  27.00
 103.15 -1.070000e-06 3.781049e+03  27.00
 103.15 -1.067000e-06 3.781319e+03  27.00
 103.18 -1.067000e-06 3.781590e+03  27.00
 103.18 -1.065000e-06 3.781860e+03  27.00
 103.22 -1.065000e-06 3.782130e+03  27.00
 103.22 -1.065000e-06 3.782401e+03  27.00
 103.27 -1.063000e-06 3.782671e+03  27.00
 103.27 -1.063000e-06 3.782942e+03  27.00
 103.32 -1.061000e-06 3.783212e+03  27.00
 103.32 -1.058000e-06 3.783483e+03  27.00
 103.39 -1.058000e-06 3.783753e+03  27.00
 103.44 -1.058000e-06 3.784024e+03  27.00
 103.44 -1.058000e-06 3.784294e+03  27.00
 103.51 -1.058000e-06 3.784565e+03  27.00
 103.51 -1.057000e-06 3.784835e+03  27.00
 103.55 -1.057000e-06 3.785105e+03  27.00
 103.55 -1.056000e-06 3.785375e+03  27.00
 103.62 -1.055000e-06 3.785646e+03  27.00
 103.62 -1.052000e-06 3.785916e+03  27.00
 103.67 -1.051000e-06 3.786187e+03  27.00
 103.67 -1.050000e-06 3.786457e+03  27.00
 103.74 -1.046000e-06 3.786728e+03  27.00
 103.74 -1.043000e-06 3.786998e+03  27.00
 103.81 -1.043000e-06 3.787268e+03  27.00
 103.81 -1.040000e-06 3.787539e+03  27.00
 103.90 -1.037000e-06 3.787809e+03  27.00
 103.90 -1.036000e-06 3.788080e+03  27.00
 103.97 -1.032000e-06 3.788351e+03  27.00
 103.97 -1.030000e-06 3.788621e+03  27.00
 104.04 -1.026000e-06 3.788891e+03  27.00
 104.04 -1.023000e-06 3.789162e+03  27.00
 104.11 -1.021000e-06 3.789432e+03  27.00
 104.11 -1.020000e-06 3.789703e+03  27.00
 104.21 -1.018000e-06 3.789973e+03  27.00
 104.21 -1.017000e-06 3.790243e+03  27.00
 104.28 -1.015000e-06 3.790514e+03  27.00
 104.28 -1.013000e-06 3.790784e+03  27.00
 104.37 -1.012000e-06 3.791054e+03  27.00
 104.37 -1.008000e-06 3.791325e+03  27.00
 104.47 -1.007000e-06 3.791595e+03  27.00
 104.47 -1.006000e-06 3.791866e+03  27.00
 104.56 -1.002000e-06 3.792137e+03  27.00
 104.56 -1.002000e-06 3.792407e+03  27.00
 104.65 -1.000000e-06 3.792677e+03  27.00
 104.65 -9.950000e-07 3.792948e+03  27.00
 104.72 -9.920000e-07 3.793218e+03  27.00
 104.72 -9.870000e-07 3.793489e+03  27.00
 104.82 -9.820000e-07 3.793758e+03  27.00
 104.82 -9.800000e-07 3.794029e+03  27.00
 104.91 -9.760000e-07 3.794300e+03  27.00
 104.91 -9.730000e-07 3.794570e+03  27.00
 105.00 -9.700000e-07 3.794840e+03  27.00
 105.00 -9.680000e-07 3.795111e+03  27.00
 105.10 -9.650000e-07 3.795381e+03  27.00
 105.10 -9.630000e-07 3.795652e+03  27.00
 105.19 -9.610000e-07 3.795922e+03  27.00
 105.19 -9.560000e-07 3.796193e+03  27.00
 105.31 -9.520000e-07 3.796463e+03  27.00
 105.31 -9.480000e-07 3.796734e+03  27.00
 105.40 -9.430000e-07 3.797004e+03  27.00
 105.40 -9.420000e-07 3.797275e+03  27.00
 105.50 -9.380000e-07 3.797544e+03  27.00
 105.50 -9.330000e-07 3.797815e+03  27.00
 105.57 -9.310000e-07 3.798085e+03  27.00
 105.57 -9.260000e-07 3.798356e+03  27.00
 105.66 -9.210000e-07 3.798626e+03  27.00
 105.66 -9.170000e-07 3.798897e+03  27.00
 105.75 -9.130000e-07 3.799167e+03  27.00
 105.75 -9.070000e-07 3.799437e+03  27.00
 105.82 -9.020000e-07 3.799708e+03  27.00
 105.82 -8.960000e-07 3.799978e+03  27.00
 105.92 -8.920000e-07 3.800249e+03  27.00
 105.92 -8.880000e-07 3.800519e+03  27.00
 105.99 -8.830000e-07 3.800790e+03  27.00
 105.99 -8.800000e-07 3.801060e+03  27.00
 106.06 -8.760000e-07 3.801330e+03  27.00
 106.06 -8.710000e-07 3.801601e+03  27.00
 106.13 -8.700000e-07 3.801871e+03  27.00
 106.13 -8.670000e-07 3.802142e+03  27.00
 106.20 -8.630000e-07 3.802412e+03  27.00
 106.20 -8.580000e-07 3.802683e+03  27.00
 106.27 -8.560000e-07 3.802953e+03  27.00
 106.27 -8.510000e-07 3.803223e+03  27.00
 106.32 -8.480000e-07 3.803494e+03  27.00
 106.32 -8.450000e-07 3.803765e+03  27.00
 106.36 -8.400000e-07 3.804035e+03  27.00
 106.36 -8.370000e-07 3.804306e+03  27.00
 106.41 -8.330000e-07 3.804576e+03  27.00
 106.43 -8.320000e-07 3.804846e+03  27.00
 106.43 -8.310000e-07 3.805117e+03  27.00
 106.48 -8.310000e-07 3.805387e+03  27.00
 106.48 -8.300000e-07 3.805658e+03  27.00
 106.50 -8.270000e-07 3.805928e+03  27.00
 106.50 -8.270000e-07 3.806199e+03  27.00
 106.50 -8.270000e-07 3.806469e+03  27.00
 106.50 -8.270000e-07 3.806739e+03  27.00
 106.53 -8.300000e-07 3.807010e+03  27.00
 106.53 -8.310000e-07 3.807281e+03  27.00
 106.55 -8.300000e-07 3.807551e+03  27.00
 106.55 -8.300000e-07 3.807821e+03  27.00
 106.55 -8.300000e-07 3.808091e+03  27.00
 106.55 -8.300000e-07 3.808362e+03  27.00
 106.57 -8.300000e-07 3.808632e+03  27.00
 106.57 -8.300000e-07 3.808903e+03  27.00
 106.57 -8.300000e-07 3.809174e+03  27.00
 106.57 -8.300000e-07 3.809443e+03  27.00
 106.60 -8.270000e-07 3.809714e+03  27.00
 106.60 -8.270000e-07 3.809984e+03  27.00
 106.60 -8.260000e-07 3.810255e+03  27.00
 106.60 -8.260000e-07 3.810525e+03  27.00
 106.60 -8.260000e-07 3.810795e+03  27.00
 106.60 -8.260000e-07 3.811066e+03  27.00
 106.62 -8.260000e-07 3.811336e+03  27.00
 106.62 -8.270000e-07 3.811607e+03  27.00
 106.62 -8.260000e-07 3.811877e+03  27.00
 106.62 -8.260000e-07 3.812148e+03  27.00
 106.64 -8.250000e-07 3.812418e+03  27.00
 106.64 -8.230000e-07 3.812688e+03  27.00
 106.64 -8.200000e-07 3.812959e+03  27.00
 106.64 -8.180000e-07 3.813229e+03  27.00
 106.67 -8.170000e-07 3.813500e+03  27.00
 106.67 -8.150000e-07 3.813770e+03  27.00
 106.69 -8.150000e-07 3.814040e+03  27.00
 106.69 -8.130000e-07 3.814311e+03  27.00
 106.71 -8.120000e-07 3.814581e+03  27.00
 106.71 -8.120000e-07 3.814852e+03  27.00
 106.74 -8.080000e-07 3.815122e+03  27.00
 106.74 -8.060000e-07 3.815392e+03  27.00
 106.76 -8.010000e-07 3.815663e+03  27.00
 106.76 -7.950000e-07 3.815933e+03  27.00
 106.78 -7.900000e-07 3.816204e+03  27.00
 106.78 -7.870000e-07 3.816474e+03  27.00
 106.81 -7.830000e-07 3.816745e+03  27.00
 106.81 -7.810000e-07 3.817016e+03  27.00
 106.85 -7.770000e-07 3.817286e+03  27.00
 106.85 -7.730000e-07 3.817556e+03  27.00
 106.88 -7.680000e-07 3.817827e+03  27.00
 106.88 -7.650000e-07 3.818097e+03  27.00
 106.93 -7.620000e-07 3.818368e+03  27.00
 106.93 -7.560000e-07 3.818638e+03  27.00
 106.95 -7.500000e-07 3.818909e+03  27.00
 106.95 -7.430000e-07 3.819178e+03  27.00
 107.00 -7.370000e-07 3.819449e+03  27.00
 107.00 -7.310000e-07 3.819719e+03  27.00
 107.02 -7.250000e-07 3.819990e+03  27.00
 107.02 -7.180000e-07 3.820261e+03  27.00
 107.07 -7.120000e-07 3.820532e+03  27.00
 107.07 -7.060000e-07 3.820802e+03  27.00
 107.11 -6.980000e-07 3.821072e+03  27.00
 107.11 -6.900000e-07 3.821342e+03  27.00
 107.14 -6.820000e-07 3.821613e+03  27.00
 107.14 -6.750000e-07 3.821883e+03  27.00
 107.18 -6.670000e-07 3.822154e+03  27.00
 107.18 -6.570000e-07 3.822423e+03  27.00
 107.23 -6.500000e-07 3.822694e+03  27.00
 107.23 -6.400000e-07 3.822965e+03  27.00
 107.28 -6.320000e-07 3.823235e+03  27.00
 107.28 -6.250000e-07 3.823506e+03  27.00
 107.30 -6.150000e-07 3.823776e+03  27.00
 107.30 -6.050000e-07 3.824047e+03  27.00
 107.35 -5.930000e-07 3.824317e+03  27.00
 107.35 -5.820000e-07 3.824587e+03  27.00
 107.37 -5.730000e-07 3.824858e+03  27.00
 107.37 -5.650000e-07 3.825128e+03  27.00
 107.42 -5.550000e-07 3.825398e+03  27.00
 107.44 -5.450000e-07 3.825669e+03  27.00
 107.44 -5.360000e-07 3.825939e+03  27.00
 107.49 -5.260000e-07 3.826209e+03  27.00
 107.49 -5.180000e-07 3.826480e+03  27.00
 107.51 -5.110000e-07 3.826751e+03  27.00
 107.51 -5.020000e-07 3.827021e+03  27.00
 107.56 -4.930000e-07 3.827291e+03  27.00
 107.56 -4.860000e-07 3.827562e+03  27.00
 107.58 -4.750000e-07 3.827832e+03  27.00
 107.58 -4.630000e-07 3.828103e+03  27.00
 107.63 -4.520000e-07 3.828373e+03  27.00
 107.63 -4.400000e-07 3.828643e+03  27.00
 107.65 -4.310000e-07 3.828914e+03  27.00
 107.65 -4.210000e-07 3.829185e+03  27.00
 107.67 -4.120000e-07 3.829455e+03  27.00
 107.67 -4.020000e-07 3.829725e+03  27.00
 107.72 -3.930000e-07 3.829996e+03  27.00
 107.72 -3.830000e-07 3.830266e+03  27.00
 107.74 -3.710000e-07 3.830536e+03  27.00
 107.74 -3.580000e-07 3.830808e+03  27.00
 107.79 -3.470000e-07 3.831077e+03  27.00
 107.79 -3.350000e-07 3.831348e+03  27.00
 107.84 -3.220000e-07 3.831618e+03  27.00
 107.84 -3.100000e-07 3.831889e+03  27.00
 107.86 -2.970000e-07 3.832159e+03  27.00
 107.86 -2.850000e-07 3.832430e+03  27.00
 107.91 -2.710000e-07 3.832700e+03  27.00
 107.91 -2.580000e-07 3.832971e+03  27.00
 107.96 -2.460000e-07 3.833241e+03  27.00
 107.96 -2.330000e-07 3.833511e+03  27.00
 108.00 -2.200000e-07 3.833781e+03  27.00
 108.00 -2.070000e-07 3.834052e+03  27.00
 108.07 -1.930000e-07 3.834322e+03  27.00
 108.07 -1.810000e-07 3.834593e+03  27.00
 108.12 -1.680000e-07 3.834863e+03  27.00
 108.12 -1.580000e-07 3.835134e+03  27.00
 108.17 -1.470000e-07 3.835404e+03  27.00
 108.17 -1.380000e-07 3.835674e+03  27.00
 108.24 -1.310000e-07 3.835945e+03  27.00
 108.24 -1.210000e-07 3.836216e+03  27.00
 108.28 -1.130000e-07 3.836486e+03  27.00
 108.28 -1.060000e-07 3.836756e+03  27.00
 108.35 -9.700000e-08 3.837027e+03  27.00
 108.35 -9.000000e-08 3.837297e+03  27.00
 108.42 -8.300000e-08 3.837567e+03  27.00
 108.42 -7.700000e-08 3.837838e+03  27.00
 108.47 -7.100000e-08 3.838109e+03  27.00
 108.47 -6.500000e-08 3.838379e+03  27.00
 108.54 -6.000000e-08 3.838649e+03  27.00
 108.54 -5.600000e-08 3.838920e+03  27.00
 108.61 -5.100000e-08 3.839190e+03  27.00
 108.61 -4.600000e-08 3.839460e+03  27.00
 108.68 -4.300000e-08 3.839731e+03  27.00
 108.68 -4.100000e-08 3.840001e+03  27.00
 108.73 -4.100000e-08 3.840271e+03  27.00
 108.73 -4.000000e-08 3.840542e+03  27.00
 108.80 -3.800000e-08 3.840813e+03  27.00
 108.80 -3.700000e-08 3.841083e+03  27.00
 108.87 -3.800000e-08 3.841353e+03  27.00
 108.87 -3.700000e-08 3.841624e+03  27.00
 108.94 -3.700000e-08 3.841894e+03  27.00
 108.94 -3.500000e-08 3.842164e+03  27.00
 109.01 -3.300000e-08 3.842435e+03  27.00
 109.01 -3.300000e-08 3.842706e+03  27.00
 109.08 -3.200000e-08 3.842976e+03  27.00
 109.08 -3.100000e-08 3.843246e+03  27.00
 109.15 -3.100000e-08 3.843517e+03  27.00
 109.15 -3.100000e-08 3.843787e+03  27.00
 109.22 -3.100000e-08 3.844057e+03  27.00
 109.22 -3.100000e-08 3.844328e+03  27.00
 109.29 -2.800000e-08 3.844599e+03  27.00
 109.29 -2.800000e-08 3.844869e+03  27.00
 109.36 -2.700000e-08 3.845140e+03  27.00
 109.36 -2.600000e-08 3.845410e+03  27.00
 109.43 -2.500000e-08 3.845681e+03  27.00
 109.48 -2.100000e-08 3.845952e+03  27.00
 109.48 -2.000000e-08 3.846221e+03  27.00
 109.55 -1.800000e-08 3.846491e+03  27.00
 109.55 -1.600000e-08 3.846762e+03  27.00
 109.62 -1.300000e-08 3.847033e+03  27.00
 109.62 -1.500000e-08 3.847304e+03  27.00
 109.67 -1.500000e-08 3.847573e+03  27.00
 109.67 -1.500000e-08 3.847844e+03  27.00
 109.74 -1.500000e-08 3.848115e+03  27.00
 109.74 -1.300000e-08 3.848385e+03  27.00
 109.78 -1.300000e-08 3.848655e+03  27.00
 109.78 -1.500000e-08 3.848926e+03  27.00
 109.85 -1.300000e-08 3.849196e+03  27.00
 109.85 -1.300000e-08 3.849466e+03  27.00
 109.90 -1.300000e-08 3.849737e+03  27.00
 109.90 -1.200000e-08 3.850007e+03  27.00
 109.97 -1.000000e-08 3.850278e+03  27.00
 109.97 -7.000000e-09 3.850549e+03  27.00
 110.02 -7.000000e-09 3.850818e+03  27.00
 110.02 -6.000000e-09 3.851089e+03  27.00
 110.06 -6.000000e-09 3.851359e+03  27.00
 110.06 -6.000000e-09 3.851630e+03  27.00
 110.13 -7.000000e-09 3.851900e+03  27.00
 110.13 -8.000000e-09 3.852170e+03  27.00
 110.18 -7.000000e-09 3.852441e+03  27.00
 110.18 -6.000000e-09 3.852711e+03  27.00
 110.23 -6.000000e-09 3.852982e+03  27.00
 110.23 -6.000000e-09 3.853252e+03  27.00
 110.30 -6.000000e-09 3.853523e+03  27.00
 110.30 -6.000000e-09 3.853793e+03  27.00
 110.34 -3.000000e-09 3.854064e+03  27.00
 110.34 -6.000000e-09 3.854334e+03  27.00
 110.41 -3.000000e-09 3.854604e+03  27.00
 110.41 -2.000000e-09 3.854875e+03  27.00
 110.46 0.000000e+00 3.855145e+03  27.00
 110.46 0.000000e+00 3.855416e+03  27.00
 110.51 0.000000e+00 3.855686e+03  27.00
 110.51 0.000000e+00 3.855932e+03  27.00
 110.58 0.000000e+00 3.856202e+03  27.00
 110.58 1.000000e-09 3.856448e+03  27.00
 110.63 1.000000e-09 3.856694e+03  27.00
 110.63 2.000000e-09 3.856940e+03  27.00
 110.70 3.000000e-09 3.857185e+03  27.00
 110.70 3.000000e-09 3.857431e+03  27.00
 110.70 3.000000e-09 3.857677e+03  27.00
 110.74 2.000000e-09 3.857924e+03  27.00
 110.74 1.000000e-09 3.858169e+03  27.00
 110.81 0.000000e+00 3.858439e+03  27.00
 110.81 0.000000e+00 3.858710e+03  27.00
 110.86 0.000000e+00 3.858981e+03  27.00
 110.86 0.000000e+00 3.859251e+03  27.00
 110.93 0.000000e+00 3.859522e+03  27.00
 110.93 0.000000e+00 3.859791e+03  27.00
 110.98 0.000000e+00 3.860062e+03  27.00
 110.98 0.000000e+00 3.860332e+03  27.00
 111.05 0.000000e+00 3.860603e+03  27.00
 111.05 0.000000e+00 3.860873e+03  27.00
 111.09 0.000000e+00 3.861143e+03  27.00
 111.09 0.000000e+00 3.861389e+03  27.00
 111.16 1.000000e-09 3.861635e+03  27.00
 111.16 2.000000e-09 3.861881e+03  27.00
 111.21 2.000000e-09 3.862127e+03  27.00
 111.21 1.000000e-09 3.862373e+03  27.00
 111.28 0.000000e+00 3.862618e+03  27.00
 111.28 1.000000e-09 3.862865e+03  27.00
 111.33 1.000000e-09 3.863110e+03  27.00
 111.33 1.000000e-09 3.863356e+03  27.00
 111.40 0.000000e+00 3.863602e+03  27.00
 111.40 1.000000e-09 3.863849e+03  27.00
 111.40 1.000000e-09 3.864094e+03  27.00
 111.45 1.000000e-09 3.864339e+03  27.00
 111.45 2.000000e-09 3.864585e+03  27.00
 111.52 3.000000e-09 3.864831e+03  27.00
 111.52 3.000000e-09 3.865077e+03  27.00
 111.59 3.000000e-09 3.865323e+03  27.00
 111.59 6.000000e-09 3.865569e+03  27.00
 111.63 6.000000e-09 3.865814e+03  27.00
 111.63 6.000000e-09 3.866060e+03  27.00
 111.68 7.000000e-09 3.866307e+03  27.00
 111.68 7.000000e-09 3.866552e+03  27.00
 111.75 7.000000e-09 3.866798e+03  27.00
 111.75 7.000000e-09 3.867044e+03  27.00
 111.75 7.000000e-09 3.867290e+03  27.00
 111.80 8.000000e-09 3.867535e+03  27.00
 111.80 8.000000e-09 3.867782e+03  27.00
 111.87 7.000000e-09 3.868027e+03  27.00
 111.87 6.000000e-09 3.868273e+03  27.00
 111.91 3.000000e-09 3.868519e+03  27.00
 111.91 2.000000e-09 3.868764e+03  27.00
 111.98 1.000000e-09 3.869010e+03  27.00
 111.98 2.000000e-09 3.869256e+03  27.00
 112.03 2.000000e-09 3.869503e+03  27.00
 112.03 2.000000e-09 3.869748e+03  27.00
 112.08 2.000000e-09 3.869994e+03  27.00
 112.08 2.000000e-09 3.870240e+03  27.00
 112.08 3.000000e-09 3.870485e+03  27.00
 112.12 6.000000e-09 3.870731e+03  27.00
 112.12 7.000000e-09 3.870977e+03  27.00
 112.19 7.000000e-09 3.871223e+03  27.00
 112.19 8.000000e-09 3.871469e+03  27.00
 112.24 8.000000e-09 3.871715e+03  27.00
 112.24 8.000000e-09 3.871961e+03  27.00
 112.29 8.000000e-09 3.872207e+03  27.00
 112.29 8.000000e-09 3.872453e+03  27.00
 112.36 1.000000e-08 3.872698e+03  27.00
 112.36 1.300000e-08 3.872944e+03  27.00
 112.41 1.200000e-08 3.873190e+03  27.00
 112.41 1.300000e-08 3.873436e+03  27.00
 112.41 1.200000e-08 3.873681e+03  27.00
 112.45 1.300000e-08 3.873927e+03  27.00
 112.45 1.200000e-08 3.874173e+03  27.00
 112.52 1.300000e-08 3.874419e+03  27.00
 112.52 1.300000e-08 3.874665e+03  27.00
 112.57 1.300000e-08 3.874911e+03  27.00
 112.57 1.300000e-08 3.875157e+03  27.00
 112.62 1.300000e-08 3.875403e+03  27.00
 112.62 1.300000e-08 3.875648e+03  27.00
 112.69 1.300000e-08 3.875894e+03  27.00
 112.69 1.200000e-08 3.876140e+03  27.00
 112.73 1.300000e-08 3.876386e+03  27.00
 112.73 1.300000e-08 3.876632e+03  27.00
 112.73 1.300000e-08 3.876877e+03  27.00
 112.80 1.300000e-08 3.877123e+03  27.00
 112.80 1.500000e-08 3.877369e+03  27.00
 112.85 1.600000e-08 3.877615e+03  27.00
 112.85 1.800000e-08 3.877861e+03  27.00
 112.92 1.800000e-08 3.878107e+03  27.00
 112.92 1.800000e-08 3.878353e+03  27.00
 112.97 1.800000e-08 3.878599e+03  27.00
 112.97 1.800000e-08 3.878844e+03  27.00
 113.04 1.600000e-08 3.879090e+03  27.00
 113.04 1.600000e-08 3.879336e+03  27.00
 113.04 1.300000e-08 3.879583e+03  27.00
 113.08 1.300000e-08 3.879827e+03  27.00
 113.08 1.300000e-08 3.880074e+03  27.00
 113.15 1.300000e-08 3.880319e+03  27.00
 113.15 1.500000e-08 3.880566e+03  27.00
 113.20 1.500000e-08 3.880811e+03  27.00
 113.20 1.500000e-08 3.881057e+03  27.00
 113.27 1.600000e-08 3.881303e+03  27.00
 113.27 1.800000e-08 3.881549e+03  27.00
 113.32 1.800000e-08 3.881794e+03  27.00
 113.32 1.800000e-08 3.882040e+03  27.00
 113.37 1.800000e-08 3.882286e+03  27.00
 113.37 1.800000e-08 3.882532e+03  27.00
 113.37 1.800000e-08 3.882778e+03  27.00
 113.44 1.800000e-08 3.883023e+03  27.00
 113.44 1.800000e-08 3.883269e+03  27.00
 113.48 1.800000e-08 3.883516e+03  27.00
 113.48 1.600000e-08 3.883761e+03  27.00
 113.55 1.500000e-08 3.884007e+03  27.00
 113.55 1.300000e-08 3.884253e+03  27.00
 113.60 1.300000e-08 3.884498e+03  27.00
 113.60 1.300000e-08 3.884744e+03  27.00
 113.67 1.300000e-08 3.884991e+03  27.00
 113.67 1.300000e-08 3.885236e+03  27.00
 113.74 1.300000e-08 3.885482e+03  27.00
 113.74 1.300000e-08 3.885727e+03  27.00
 113.74 1.300000e-08 3.885974e+03  27.00
 113.79 1.500000e-08 3.886219e+03  27.00
 113.79 1.600000e-08 3.886466e+03  27.00
 113.86 1.600000e-08 3.886711e+03  27.00
 113.86 1.800000e-08 3.886957e+03  27.00
 113.91 1.800000e-08 3.887203e+03  27.00
 113.91 1.800000e-08 3.887448e+03  27.00
 113.98 1.600000e-08 3.887695e+03  27.00
 113.98 1.600000e-08 3.887941e+03  27.00
 114.05 1.600000e-08 3.888186e+03  27.00
 114.05 1.800000e-08 3.888432e+03  27.00
 114.10 2.000000e-08 3.888678e+03  27.00
 114.10 2.100000e-08 3.888924e+03  27.00
 114.10 2.200000e-08 3.889169e+03  27.00
 114.17 2.600000e-08 3.889416e+03  27.00
 114.17 2.700000e-08 3.889661e+03  27.00
 114.24 2.800000e-08 3.889907e+03  27.00
 114.24 2.700000e-08 3.890153e+03  27.00
 114.28 2.800000e-08 3.890399e+03  27.00
 114.28 2.800000e-08 3.890645e+03  27.00
 114.35 3.100000e-08 3.890891e+03  27.00
 114.35 3.100000e-08 3.891136e+03  27.00
 114.40 3.100000e-08 3.891382e+03  27.00
 114.40 2.800000e-08 3.891628e+03  27.00
 114.47 2.800000e-08 3.891874e+03  27.00
 114.47 2.800000e-08 3.892120e+03  27.00
 114.47 2.800000e-08 3.892365e+03  27.00
 114.52 2.800000e-08 3.892611e+03  27.00
 114.52 2.800000e-08 3.892857e+03  27.00
 114.59 2.800000e-08 3.893103e+03  27.00
 114.59 2.800000e-08 3.893349e+03  27.00
 114.66 3.100000e-08 3.893595e+03  27.00
 114.66 2.800000e-08 3.893840e+03  27.00
 114.71 2.800000e-08 3.894086e+03  27.00
 114.71 2.700000e-08 3.894332e+03  27.00
 114.78 2.700000e-08 3.894578e+03  27.00
 114.78 2.600000e-08 3.894824e+03  27.00
 114.83 2.600000e-08 3.895070e+03  27.00
 114.83 2.600000e-08 3.895316e+03  27.00
 114.83 2.500000e-08 3.895561e+03  27.00
 114.87 2.500000e-08 3.895807e+03  27.00
 114.87 2.200000e-08 3.896053e+03  27.00
 114.94 2.200000e-08 3.896299e+03  27.00
 114.94 2.500000e-08 3.896545e+03  27.00
 114.99 2.200000e-08 3.896791e+03  27.00
 114.99 2.200000e-08 3.897037e+03  27.00
 115.04 2.100000e-08 3.897282e+03  27.00
 115.04 2.100000e-08 3.897528e+03  27.00
 115.08 2.100000e-08 3.897774e+03  27.00
 115.08 2.100000e-08 3.898020e+03  27.00
 115.08 2.200000e-08 3.898266e+03  27.00
