 117.23 3.700000e-08 3.918425e+03  27.00
 117.32 3.700000e-08 3.918670e+03  27.00
 117.32 3.500000e-08 3.918917e+03  27.00
 117.39 3.500000e-08 3.919162e+03  27.00
 117.39 3.300000e-08 3.919408e+03  27.00
 117.46 3.500000e-08 3.919654e+03  27.00
 117.46 3.500000e-08 3.919900e+03  27.00
 117.46 3.700000e-08 3.920145e+03  27.00
 117.55 3.700000e-08 3.920391e+03  27.00
 117.55 3.500000e-08 3.920637e+03  27.00
 117.63 3.500000e-08 3.920884e+03  27.00
 117.63 3.500000e-08 3.921129e+03  27.00
 117.70 3.500000e-08 3.921375e+03  27.00
 117.70 3.300000e-08 3.921621e+03  27.00
 117.77 3.300000e-08 3.921867e+03  27.00
 117.77 3.500000e-08 3.922112e+03  27.00
 117.84 3.500000e-08 3.922358e+03  27.00
 117.84 3.500000e-08 3.922604e+03  27.00
 117.91 3.500000e-08 3.922851e+03  27.00
 117.91 3.500000e-08 3.923096e+03  27.00
 117.91 3.500000e-08 3.923341e+03  27.00
 117.95 3.700000e-08 3.923587e+03  27.00
 117.95 3.700000e-08 3.923833e+03  27.00
 118.03 3.700000e-08 3.924079e+03  27.00
 118.03 3.500000e-08 3.924325e+03  27.00
 118.10 3.300000e-08 3.924570e+03  27.00
 118.10 3.200000e-08 3.924817e+03  27.00
 118.17 3.100000e-08 3.925062e+03  27.00
 118.17 2.700000e-08 3.925308e+03  27.00
 118.21 2.700000e-08 3.925554e+03  27.00
 118.21 2.700000e-08 3.925801e+03  27.00
 118.28 2.800000e-08 3.926045e+03  27.00
 118.28 2.800000e-08 3.926292e+03  27.00
 118.28 3.100000e-08 3.926537e+03  27.00
 118.33 3.100000e-08 3.926784e+03  27.00
 118.33 3.100000e-08 3.927029e+03  27.00
 118.40 3.200000e-08 3.927275e+03  27.00
 118.40 3.200000e-08 3.927521e+03  27.00
 118.47 3.300000e-08 3.927767e+03  27.00
 118.47 3.300000e-08 3.928012e+03  27.00
 118.52 3.500000e-08 3.928258e+03  27.00
 118.52 3.300000e-08 3.928504e+03  27.00
 118.59 3.300000e-08 3.928750e+03  27.00
 118.59 3.500000e-08 3.928995e+03  27.00
 118.64 3.500000e-08 3.929242e+03  27.00
 118.64 3.500000e-08 3.929488e+03  27.00
 118.64 3.300000e-08 3.929733e+03  27.00
 118.71 3.300000e-08 3.929979e+03  27.00
 118.71 3.200000e-08 3.930225e+03  27.00
 118.75 2.800000e-08 3.930471e+03  27.00
 118.75 2.700000e-08 3.930716e+03  27.00
 118.83 2.600000e-08 3.930962e+03  27.00
 118.83 2.500000e-08 3.931208e+03  27.00
 118.87 2.500000e-08 3.931454e+03  27.00
 118.87 2.500000e-08 3.931700e+03  27.00
 118.94 2.600000e-08 3.931946e+03  27.00
 118.94 2.600000e-08 3.932192e+03  27.00
 118.94 2.700000e-08 3.932437e+03  27.00
 118.99 2.700000e-08 3.932684e+03  27.00
 118.99 2.700000e-08 3.932929e+03  27.00
 119.06 2.700000e-08 3.933175e+03  27.00
 119.06 2.800000e-08 3.933421e+03  27.00
 119.11 2.800000e-08 3.933666e+03  27.00
 119.11 3.100000e-08 3.933912e+03  27.00
 119.15 3.100000e-08 3.934158e+03  27.00
 119.15 3.100000e-08 3.934404e+03  27.00
 119.23 3.100000e-08 3.934651e+03  27.00
 119.23 3.100000e-08 3.934896e+03  27.00
 119.27 3.100000e-08 3.935142e+03  27.00
 119.27 3.200000e-08 3.935388e+03  27.00
 119.27 3.200000e-08 3.935634e+03  27.00
 119.32 3.100000e-08 3.935879e+03  27.00
 119.32 3.100000e-08 3.936125e+03  27.00
 119.37 3.100000e-08 3.936371e+03  27.00
 119.37 3.200000e-08 3.936617e+03  27.00
 119.44 3.200000e-08 3.936862e+03  27.00
 119.44 3.300000e-08 3.937108e+03  27.00
 119.48 3.300000e-08 3.937354e+03  27.00
 119.48 3.300000e-08 3.937600e+03  27.00
 119.53 3.300000e-08 3.937846e+03  27.00
 119.53 3.300000e-08 3.938091e+03  27.00
 119.58 3.300000e-08 3.938338e+03  27.00
 119.58 3.200000e-08 3.938584e+03  27.00
 119.58 3.200000e-08 3.938829e+03  27.00
 119.60 3.200000e-08 3.939075e+03  27.00
 119.60 3.300000e-08 3.939321e+03  27.00
 119.65 3.300000e-08 3.939567e+03  27.00
 119.65 3.300000e-08 3.939813e+03  27.00
 119.70 3.500000e-08 3.940059e+03  27.00
 119.70 3.300000e-08 3.940305e+03  27.00
 119.72 3.200000e-08 3.940551e+03  27.00
 119.72 2.800000e-08 3.940797e+03  27.00
 119.77 2.700000e-08 3.941042e+03  27.00
 119.77 2.700000e-08 3.941289e+03  27.00
 119.79 2.600000e-08 3.941534e+03  27.00
 119.79 2.500000e-08 3.941780e+03  27.00
 119.79 2.500000e-08 3.942025e+03  27.00
 119.84 2.500000e-08 3.942271e+03  27.00
 119.84 2.500000e-08 3.942518e+03  27.00
 119.86 2.200000e-08 3.942763e+03  27.00
 119.86 2.100000e-08 3.943009e+03  27.00
 119.88 2.200000e-08 3.943254e+03  27.00
 119.88 2.500000e-08 3.943500e+03  27.00
 119.91 2.500000e-08 3.943746e+03  27.00
 119.91 2.500000e-08 3.943992e+03  27.00
 119.93 2.500000e-08 3.944237e+03  27.00
 119.93 2.600000e-08 3.944484e+03  27.00
 119.95 2.600000e-08 3.944729e+03  27.00
 119.95 2.600000e-08 3.944975e+03  27.00
 119.95 2.500000e-08 3.945221e+03  27.00
 119.98 2.500000e-08 3.945467e+03  27.00
 119.98 2.200000e-08 3.945713e+03  27.00
 120.00 2.200000e-08 3.945959e+03  27.00
 120.00 2.200000e-08 3.946204e+03  27.00
 120.03 2.200000e-08 3.946450e+03  27.00
 120.03 2.200000e-08 3.946696e+03  27.00
 120.03 2.200000e-08 3.946942e+03  27.00
 120.03 2.200000e-08 3.947188e+03  27.00
 120.05 2.200000e-08 3.947433e+03  27.00
 120.05 2.500000e-08 3.947679e+03  27.00
 120.05 2.200000e-08 3.947926e+03  27.00
 120.05 2.100000e-08 3.948171e+03  27.00
 120.05 2.100000e-08 3.948417e+03  27.00
 120.07 2.200000e-08 3.948663e+03  27.00
 120.07 2.200000e-08 3.948908e+03  27.00
 120.07 2.200000e-08 3.949154e+03  27.00
 120.07 2.200000e-08 3.949400e+03  27.00
 120.07 2.200000e-08 3.949647e+03  27.00
 120.07 2.200000e-08 3.949892e+03  27.00
 120.07 2.200000e-08 3.950138e+03  27.00
 120.07 2.200000e-08 3.950384e+03  27.00
 120.07 2.200000e-08 3.950629e+03  27.00
 120.07 2.200000e-08 3.950876e+03  27.00
 120.07 2.200000e-08 3.951121e+03  27.00
 120.07 2.200000e-08 3.951367e+03  27.00
 120.07 2.200000e-08 3.951613e+03  27.00
 120.07 2.200000e-08 3.951859e+03  27.00
 120.07 2.200000e-08 3.952105e+03  27.00
 120.05 2.500000e-08 3.952350e+03  27.00
 120.05 2.200000e-08 3.952596e+03  27.00
 120.05 2.200000e-08 3.952842e+03  27.00
 120.05 2.200000e-08 3.953088e+03  27.00
 120.03 2.100000e-08 3.953334e+03  27.00
 120.03 2.100000e-08 3.953580e+03  27.00
 120.03 2.000000e-08 3.953826e+03  27.00
 120.03 2.000000e-08 3.954071e+03  27.00
 120.03 2.000000e-08 3.954318e+03  27.00
 120.00 1.800000e-08 3.954563e+03  27.00
 120.00 2.000000e-08 3.954809e+03  27.00
 120.00 2.000000e-08 3.955055e+03  27.00
 120.00 2.100000e-08 3.955302e+03  27.00
 119.98 2.100000e-08 3.955546e+03  27.00
 119.98 2.100000e-08 3.955793e+03  27.00
 119.98 2.000000e-08 3.956038e+03  27.00
 119.98 1.800000e-08 3.956284e+03  27.00
 119.95 1.800000e-08 3.956530e+03  27.00
 119.95 1.800000e-08 3.956776e+03  27.00
 119.93 2.000000e-08 3.957022e+03  27.00
 119.93 2.000000e-08 3.957267e+03  27.00
 119.93 1.800000e-08 3.957513e+03  27.00
 119.93 1.800000e-08 3.957759e+03  27.00
 119.93 1.600000e-08 3.958005e+03  27.00
 119.91 1.500000e-08 3.958250e+03  27.00
 119.91 1.300000e-08 3.958496e+03  27.00
 119.88 1.200000e-08 3.958742e+03  27.00
 119.88 1.300000e-08 3.958988e+03  27.00
 119.86 1.300000e-08 3.959234e+03  27.00
 119.86 1.500000e-08 3.959480e+03  27.00
 119.86 1.500000e-08 3.959726e+03  27.00
 119.86 1.500000e-08 3.959972e+03  27.00
 119.84 1.500000e-08 3.960218e+03  27.00
 119.84 1.500000e-08 3.960463e+03  27.00
 119.84 1.300000e-08 3.960710e+03  27.00
 119.81 1.200000e-08 3.960955e+03  27.00
 119.81 1.000000e-08 3.961201e+03  27.00
 119.79 1.000000e-08 3.961446e+03  27.00
 119.79 1.200000e-08 3.961692e+03  27.00
 119.77 1.200000e-08 3.961939e+03  27.00
 119.77 1.200000e-08 3.962185e+03  27.00
 119.74 1.300000e-08 3.962430e+03  27.00
 119.74 1.300000e-08 3.962676e+03  27.00
 119.70 1.300000e-08 3.962922e+03  27.00
 119.70 1.500000e-08 3.963168e+03  27.00
 119.67 1.500000e-08 3.963413e+03  27.00
 119.67 1.500000e-08 3.963659e+03  27.00
 119.67 1.300000e-08 3.963905e+03  27.00
 119.65 1.300000e-08 3.964151e+03  27.00
 119.65 1.200000e-08 3.964397e+03  27.00
 119.60 1.200000e-08 3.964643e+03  27.00
 119.60 1.000000e-08 3.964889e+03  27.00
 119.55 8.000000e-09 3.965135e+03  27.00
 119.55 8.000000e-09 3.965380e+03  27.00
 119.51 8.000000e-09 3.965626e+03  27.00
 119.51 8.000000e-09 3.965872e+03  27.00
 119.46 8.000000e-09 3.966118e+03  27.00
 119.46 8.000000e-09 3.966363e+03  27.00
 119.41 8.000000e-09 3.966610e+03  27.00
 119.41 8.000000e-09 3.966855e+03  27.00
 119.41 8.000000e-09 3.967101e+03  27.00
 119.37 8.000000e-09 3.967347e+03  27.00
 119.37 7.000000e-09 3.967593e+03  27.00
 119.32 7.000000e-09 3.967839e+03  27.00
 119.32 6.000000e-09 3.968085e+03  27.00
 119.27 3.000000e-09 3.968330e+03  27.00
 119.27 2.000000e-09 3.968576e+03  27.00
 119.20 2.000000e-09 3.968822e+03  27.00
 119.20 1.000000e-09 3.969068e+03  27.00
 119.15 0.000000e+00 3.969314e+03  27.00
 119.15 0.000000e+00 3.969584e+03  27.00
 119.08 0.000000e+00 3.969854e+03  27.00
 119.08 0.000000e+00 3.970125e+03  27.00
 119.04 0.000000e+00 3.970370e+03  27.00
 119.04 1.000000e-09 3.970617e+03  27.00
 119.04 0.000000e+00 3.970863e+03  27.00
 118.97 1.000000e-09 3.971108e+03  27.00
 118.97 1.000000e-09 3.971354e+03  27.00
 118.92 2.000000e-09 3.971600e+03  27.00
 118.92 3.000000e-09 3.971846e+03  27.00
 118.85 3.000000e-09 3.972092e+03  27.00
 118.85 6.000000e-09 3.972338e+03  27.00
 118.80 3.000000e-09 3.972583e+03  27.00
 118.80 3.000000e-09 3.972829e+03  27.00
 118.73 2.000000e-09 3.973075e+03  27.00
 118.73 3.000000e-09 3.973321e+03  27.00
 118.68 3.000000e-09 3.973567e+03  27.00
 118.68 2.000000e-09 3.973813e+03  27.00
 118.68 1.000000e-09 3.974058e+03  27.00
 118.61 0.000000e+00 3.974329e+03  27.00
 118.61 0.000000e+00 3.974599e+03  27.00
 118.54 -1.000000e-09 3.974869e+03  27.00
 118.54 -2.000000e-09 3.975140e+03  27.00
 118.47 -1.000000e-09 3.975411e+03  27.00
 118.47 -2.000000e-09 3.975681e+03  27.00
 118.43 -3.000000e-09 3.975951e+03  27.00
 118.35 -3.000000e-09 3.976222e+03  27.00
 118.35 -6.000000e-09 3.976492e+03  27.00
 118.28 -6.000000e-09 3.976762e+03  27.00
 118.28 -6.000000e-09 3.977033e+03  27.00
 118.21 -7.000000e-09 3.977305e+03  27.00
 118.21 -8.000000e-09 3.977574e+03  27.00
 118.14 -8.000000e-09 3.977844e+03  27.00
 118.14 -7.000000e-09 3.978114e+03  27.00
 118.07 -8.000000e-09 3.978385e+03  27.00
 118.07 -8.000000e-09 3.978656e+03  27.00
 118.00 -1.000000e-08 3.978926e+03  27.00
 118.00 -1.000000e-08 3.979196e+03  27.00
 117.95 -1.000000e-08 3.979467e+03  27.00
 117.95 -1.000000e-08 3.979737e+03  27.00
 117.88 -8.000000e-09 3.980008e+03  27.00
 117.88 -8.000000e-09 3.980279e+03  27.00
 117.79 -8.000000e-09 3.980549e+03  27.00
 117.79 -8.000000e-09 3.980819e+03  27.00
 117.72 -7.000000e-09 3.981089e+03  27.00
 117.72 -6.000000e-09 3.981360e+03  27.00
 117.65 -6.000000e-09 3.981630e+03  27.00
 117.65 -3.000000e-09 3.981901e+03  27.00
 117.58 -6.000000e-09 3.982171e+03  27.00
 117.58 -7.000000e-09 3.982441e+03  27.00
 117.51 -7.000000e-09 3.982712e+03  27.00
 117.51 -7.000000e-09 3.982982e+03  27.00
 117.44 -7.000000e-09 3.983253e+03  27.00
 117.44 -8.000000e-09 3.983523e+03  27.00
 117.37 -8.000000e-09 3.983794e+03  27.00
 117.37 -1.000000e-08 3.984064e+03  27.00
 117.30 -1.000000e-08 3.984334e+03  27.00
 117.30 -1.000000e-08 3.984605e+03  27.00
 117.23 -1.000000e-08 3.984876e+03  27.00
 117.23 -1.000000e-08 3.985146e+03  27.00
 117.15 -1.000000e-08 3.985416e+03  27.00
 117.15 -8.000000e-09 3.985686e+03  27.00
 117.08 -8.000000e-09 3.985957e+03  27.00
 117.08 -8.000000e-09 3.986227e+03  27.00
 117.01 -8.000000e-09 3.986498e+03  27.00
 117.01 -8.000000e-09 3.986768e+03  27.00
 116.94 -8.000000e-09 3.987039e+03  27.00
 116.94 -8.000000e-09 3.987309e+03  27.00
 116.87 -8.000000e-09 3.987580e+03  27.00
 116.87 -8.000000e-09 3.987850e+03  27.00
 116.80 -8.000000e-09 3.988120e+03  27.00
 116.80 -8.000000e-09 3.988391e+03  27.00
 116.73 -7.000000e-09 3.988661e+03  27.00
 116.73 -8.000000e-09 3.988932e+03  27.00
 116.66 -1.200000e-08 3.989202e+03  27.00
 116.66 -1.200000e-08 3.989472e+03  27.00
 116.59 -1.300000e-08 3.989743e+03  27.00
 116.59 -1.300000e-08 3.990013e+03  27.00
 116.52 -1.500000e-08 3.990284e+03  27.00
 116.52 -1.300000e-08 3.990555e+03  27.00
 116.47 -1.300000e-08 3.990825e+03  27.00
 116.47 -1.500000e-08 3.991095e+03  27.00
 116.40 -1.500000e-08 3.991365e+03  27.00
 116.40 -1.500000e-08 3.991636e+03  27.00
 116.35 -1.500000e-08 3.991906e+03  27.00
 116.35 -1.500000e-08 3.992177e+03  27.00
 116.31 -1.500000e-08 3.992447e+03  27.00
 116.31 -1.500000e-08 3.992717e+03  27.00
 116.24 -1.300000e-08 3.992988e+03  27.00
 116.24 -1.200000e-08 3.993259e+03  27.00
 116.19 -1.200000e-08 3.993529e+03  27.00
 116.19 -1.200000e-08 3.993800e+03  27.00
 116.14 -1.000000e-08 3.994070e+03  27.00
 116.14 -1.000000e-08 3.994340e+03  27.00
 116.10 -1.000000e-08 3.994611e+03  27.00
 116.10 -1.200000e-08 3.994881e+03  27.00
 116.05 -1.200000e-08 3.995152e+03  27.00
 116.05 -1.200000e-08 3.995422e+03  27.00
 116.00 -1.200000e-08 3.995692e+03  27.00
 116.00 -1.200000e-08 3.995962e+03  27.00
 115.95 -1.200000e-08 3.996234e+03  27.00
 115.93 -1.000000e-08 3.996505e+03  27.00
 115.93 -1.000000e-08 3.996774e+03  27.00
 115.88 -1.000000e-08 3.997044e+03  27.00
 115.88 -8.000000e-09 3.997315e+03  27.00
 115.84 -8.000000e-09 3.997585e+03  27.00
 115.84 -8.000000e-09 3.997855e+03  27.00
 115.79 -8.000000e-09 3.998126e+03  27.00
 115.79 -8.000000e-09 3.998397e+03  27.00
 115.77 -8.000000e-09 3.998667e+03  27.00
 115.77 -1.000000e-08 3.998937e+03  27.00
 115.72 -1.200000e-08 3.999208e+03  27.00
 115.72 -1.300000e-08 3.999478e+03  27.00
 115.67 -1.500000e-08 3.999749e+03  27.00
 115.67 -1.300000e-08 4.000019e+03  27.00
 115.65 -1.200000e-08 4.000290e+03  27.00
 115.65 -1.200000e-08 4.000560e+03  27.00
 115.60 -1.200000e-08 4.000830e+03  27.00
 115.60 -1.200000e-08 4.001101e+03  27.00
 115.58 -1.300000e-08 4.001371e+03  27.00
 115.58 -1.500000e-08 4.001641e+03  27.00
 115.53 -1.500000e-08 4.001912e+03  27.00
 115.53 -1.600000e-08 4.002183e+03  27.00
 115.51 -1.500000e-08 4.002453e+03  27.00
 115.51 -1.500000e-08 4.002724e+03  27.00
 115.46 -1.500000e-08 4.002994e+03  27.00
 115.46 -1.300000e-08 4.003264e+03  27.00
 115.44 -1.200000e-08 4.003534e+03  27.00
 115.44 -1.200000e-08 4.003805e+03  27.00
 115.41 -1.000000e-08 4.004076e+03  27.00
 115.41 -1.000000e-08 4.004346e+03  27.00
 115.37 -8.000000e-09 4.004616e+03  27.00
 115.37 -7.000000e-09 4.004887e+03  27.00
 115.34 -6.000000e-09 4.005157e+03  27.00
 115.34 -7.000000e-09 4.005428e+03  27.00
 115.32 -8.000000e-09 4.005698e+03  27.00
 115.32 -1.000000e-08 4.005968e+03  27.00
 115.30 -1.200000e-08 4.006240e+03  27.00
 115.30 -1.300000e-08 4.006509e+03  27.00
 115.27 -1.300000e-08 4.006779e+03  27.00
 115.27 -1.200000e-08 4.007050e+03  27.00
 115.25 -1.200000e-08 4.007321e+03  27.00
 115.25 -1.300000e-08 4.007591e+03  27.00
 115.23 -1.500000e-08 4.007861e+03  27.00
 115.23 -1.600000e-08 4.008132e+03  27.00
 115.20 -1.600000e-08 4.008403e+03  27.00
 115.20 -1.800000e-08 4.008673e+03  27.00
 115.18 -1.600000e-08 4.008943e+03  27.00
 115.18 -1.600000e-08 4.009213e+03  27.00
 115.15 -1.500000e-08 4.009484e+03  27.00
 115.15 -1.300000e-08 4.009754e+03  27.00
 115.13 -1.300000e-08 4.010025e+03  27.00
 115.13 -1.300000e-08 4.010296e+03  27.00
 115.11 -1.200000e-08 4.010566e+03  27.00
 115.11 -1.200000e-08 4.010837e+03  27.00
 115.11 -1.300000e-08 4.011106e+03  27.00
 115.11 -1.300000e-08 4.011377e+03  27.00
 115.08 -1.300000e-08 4.011647e+03  27.00
 115.08 -1.500000e-08 4.011917e+03  27.00
 115.06 -1.500000e-08 4.012188e+03  27.00
 115.06 -1.300000e-08 4.012459e+03  27.00
 115.06 -1.300000e-08 4.012729e+03  27.00
 115.06 -1.200000e-08 4.012999e+03  27.00
 115.04 -1.200000e-08 4.013270e+03  27.00
 115.04 -1.000000e-08 4.013540e+03  27.00
 115.01 -1.000000e-08 4.013811e+03  27.00
 115.01 -1.000000e-08 4.014081e+03  27.00
 115.01 -1.000000e-08 4.014351e+03  27.00
 115.01 -1.000000e-08 4.014622e+03  27.00
 114.99 -1.200000e-08 4.014893e+03  27.00
 114.99 -1.200000e-08 4.015163e+03  27.00
 114.99 -1.200000e-08 4.015433e+03  27.00
 114.99 -1.000000e-08 4.015704e+03  27.00
 114.97 -8.000000e-09 4.015974e+03  27.00
 114.97 -7.000000e-09 4.016245e+03  27.00
 114.97 -3.000000e-09 4.016515e+03  27.00
 114.97 -2.000000e-09 4.016785e+03  27.00
 114.94 -2.000000e-09 4.017056e+03  27.00
 114.92 -1.000000e-09 4.017327e+03  27.00
 114.92 -2.000000e-09 4.017596e+03  27.00
 114.92 -2.000000e-09 4.017867e+03  27.00
 114.92 -2.000000e-09 4.018138e+03  27.00
 114.90 -2.000000e-09 4.018408e+03  27.00
 114.90 -3.000000e-09 4.018678e+03  27.00
 114.90 -3.000000e-09 4.018949e+03  27.00
 114.90 -3.000000e-09 4.019220e+03  27.00
 114.90 -3.000000e-09 4.019489e+03  27.00
 114.90 -6.000000e-09 4.019760e+03  27.00
 114.87 -6.000000e-09 4.020031e+03  27.00
 114.87 -6.000000e-09 4.020302e+03  27.00
 114.87 -8.000000e-09 4.020571e+03  27.00
 114.87 -8.000000e-09 4.020841e+03  27.00
 114.85 -1.000000e-08 4.021112e+03  27.00
 114.85 -1.200000e-08 4.021383e+03  27.00
 114.85 -1.000000e-08 4.021653e+03  27.00
 114.85 -1.200000e-08 4.021923e+03  27.00
 114.83 -1.000000e-08 4.022194e+03  27.00
 114.83 -8.000000e-09 4.022465e+03  27.00
 114.83 -8.000000e-09 4.022735e+03  27.00
 114.83 -7.000000e-09 4.023005e+03  27.00
 114.80 -7.000000e-09 4.023275e+03  27.00
 114.80 -7.000000e-09 4.023547e+03  27.00
 114.80 -7.000000e-09 4.023816e+03  27.00
 114.80 -7.000000e-09 4.024088e+03  27.00
 114.78 -7.000000e-09 4.024357e+03  27.00
 114.78 -7.000000e-09 4.024628e+03  27.00
 114.78 -7.000000e-09 4.024898e+03  27.00
 114.78 -7.000000e-09 4.025168e+03  27.00
 114.75 -8.000000e-09 4.025439e+03  27.00
 114.75 -8.000000e-09 4.025709e+03  27.00
 114.75 -1.000000e-08 4.025980e+03  27.00
 114.75 -1.000000e-08 4.026250e+03  27.00
 114.73 -8.000000e-09 4.026521e+03  27.00
 114.73 -8.000000e-09 4.026792e+03  27.00
 114.71 -1.000000e-08 4.027062e+03  27.00
 114.71 -1.000000e-08 4.027332e+03  27.00
 114.68 -1.000000e-08 4.027602e+03  27.00
 114.68 -1.200000e-08 4.027873e+03  27.00
 114.68 -1.000000e-08 4.028143e+03  27.00
 114.68 -1.000000e-08 4.028413e+03  27.00
 114.66 -1.000000e-08 4.028684e+03  27.00
 114.66 -1.000000e-08 4.028955e+03  27.00
 114.64 -1.000000e-08 4.029225e+03  27.00
 114.64 -1.000000e-08 4.029495e+03  27.00
 114.61 -1.000000e-08 4.029765e+03  27.00
 114.61 -1.000000e-08 4.030036e+03  27.00
 114.59 -1.000000e-08 4.030307e+03  27.00
 114.59 -1.000000e-08 4.030577e+03  27.00
 114.57 -1.300000e-08 4.030847e+03  27.00
 114.57 -1.500000e-08 4.031118e+03  27.00
 114.54 -1.600000e-08 4.031388e+03  27.00
 114.54 -1.800000e-08 4.031658e+03  27.00
 114.52 -1.600000e-08 4.031929e+03  27.00
 114.52 -1.600000e-08 4.032200e+03  27.00
 114.50 -1.500000e-08 4.032470e+03  27.00
 114.50 -1.300000e-08 4.032740e+03  27.00
 114.45 -1.600000e-08 4.033011e+03  27.00
 114.45 -1.600000e-08 4.033282e+03  27.00
 114.43 -1.600000e-08 4.033552e+03  27.00
 114.43 -1.500000e-08 4.033822e+03  27.00
 114.40 -1.300000e-08 4.034092e+03  27.00
 114.40 -1.500000e-08 4.034363e+03  27.00
 114.38 -1.600000e-08 4.034633e+03  27.00
 114.38 -1.600000e-08 4.034904e+03  27.00
 114.35 -1.600000e-08 4.035174e+03  27.00
 114.35 -1.600000e-08 4.035444e+03  27.00
 114.31 -1.600000e-08 4.035715e+03  27.00
 114.31 -1.500000e-08 4.035986e+03  27.00
 114.28 -1.500000e-08 4.036256e+03  27.00
 114.28 -1.300000e-08 4.036527e+03  27.00
 114.26 -1.200000e-08 4.036798e+03  27.00
 114.26 -8.000000e-09 4.037067e+03  27.00
 114.24 -7.000000e-09 4.037338e+03  27.00
 114.24 -7.000000e-09 4.037608e+03  27.00
 114.19 -6.000000e-09 4.037878e+03  27.00
 114.17 -6.000000e-09 4.038149e+03  27.00
 114.17 -6.000000e-09 4.038419e+03  27.00
 114.14 -3.000000e-09 4.038690e+03  27.00
 114.14 -3.000000e-09 4.038960e+03  27.00
 114.12 -3.000000e-09 4.039230e+03  27.00
 114.12 -3.000000e-09 4.039501e+03  27.00
 114.10 -2.000000e-09 4.039772e+03  27.00
 114.10 -3.000000e-09 4.040042e+03  27.00
 114.05 -3.000000e-09 4.040312e+03  27.00
 114.05 -3.000000e-09 4.040582e+03  27.00
 114.03 -6.000000e-09 4.040854e+03  27.00
 114.03 -3.000000e-09 4.041123e+03  27.00
 114.00 -3.000000e-09 4.041394e+03  27.00
 114.00 -6.000000e-09 4.041664e+03  27.00
 113.98 -8.000000e-09 4.041935e+03  27.00
 113.98 -1.000000e-08 4.042205e+03  27.00
 113.93 -1.000000e-08 4.042476e+03  27.00
 113.93 -1.000000e-08 4.042746e+03  27.00
 113.91 -1.300000e-08 4.043016e+03  27.00
 113.91 -1.300000e-08 4.043287e+03  27.00
 113.88 -1.300000e-08 4.043557e+03  27.00
 113.88 -1.200000e-08 4.043828e+03  27.00
 113.84 -1.300000e-08 4.044098e+03  27.00
 113.84 -1.200000e-08 4.044369e+03  27.00
 113.81 -1.200000e-08 4.044639e+03  27.00
 113.81 -1.300000e-08 4.044910e+03  27.00
 113.77 -1.300000e-08 4.045180e+03  27.00
 113.77 -1.500000e-08 4.045450e+03  27.00
 113.74 -1.500000e-08 4.045720e+03  27.00
 113.74 -1.300000e-08 4.045991e+03  27.00
 113.70 -1.200000e-08 4.046262e+03  27.00
 113.70 -1.000000e-08 4.046532e+03  27.00
 113.67 -1.000000e-08 4.046803e+03  27.00
 113.67 -1.000000e-08 4.047073e+03  27.00
 113.63 -1.200000e-08 4.047344e+03  27.00
 113.63 -1.300000e-08 4.047614e+03  27.00
 113.58 -1.200000e-08 4.047884e+03  27.00
 113.58 -1.200000e-08 4.048154e+03  27.00
 113.55 -1.200000e-08 4.048425e+03  27.00
 113.55 -1.200000e-08 4.048696e+03  27.00
 113.51 -1.200000e-08 4.048966e+03  27.00
 113.51 -1.000000e-08 4.049236e+03  27.00
 113.46 -1.200000e-08 4.049506e+03  27.00
 113.46 -1.000000e-08 4.049777e+03  27.00
 113.41 -1.000000e-08 4.050047e+03  27.00
 113.41 -1.000000e-08 4.050318e+03  27.00
 113.39 -1.000000e-08 4.050588e+03  27.00
 113.39 -1.000000e-08 4.050859e+03  27.00
 113.34 -1.200000e-08 4.051129e+03  27.00
 113.34 -1.200000e-08 4.051400e+03  27.00
 113.30 -1.200000e-08 4.051670e+03  27.00
 113.30 -1.300000e-08 4.051941e+03  27.00
 113.25 -1.500000e-08 4.052211e+03  27.00
 113.25 -1.300000e-08 4.052481e+03  27.00
 113.20 -1.500000e-08 4.052751e+03  27.00
 113.20 -1.300000e-08 4.053023e+03  27.00
 113.15 -1.300000e-08 4.053294e+03  27.00
 113.15 -1.300000e-08 4.053563e+03  27.00
 113.11 -1.300000e-08 4.053833e+03  27.00
 113.11 -1.500000e-08 4.054105e+03  27.00
 113.06 -1.500000e-08 4.054374e+03  27.00
 113.06 -1.500000e-08 4.054645e+03  27.00
 112.99 -1.500000e-08 4.054915e+03  27.00
 112.99 -1.500000e-08 4.055186e+03  27.00
 112.94 -1.300000e-08 4.055456e+03  27.00
 112.94 -1.300000e-08 4.055726e+03  27.00
 112.90 -1.300000e-08 4.055997e+03  27.00
 112.90 -1.300000e-08 4.056267e+03  27.00
 112.85 -1.200000e-08 4.056538e+03  27.00
 112.85 -1.300000e-08 4.056808e+03  27.00
 112.80 -1.300000e-08 4.057079e+03  27.00
 112.80 -1.500000e-08 4.057349e+03  27.00
 112.73 -1.300000e-08 4.057619e+03  27.00
 112.73 -1.500000e-08 4.057890e+03  27.00
 112.69 -1.500000e-08 4.058161e+03  27.00
 112.69 -1.300000e-08 4.058431e+03  27.00
 112.64 -1.500000e-08 4.058701e+03  27.00
 112.57 -1.600000e-08 4.058971e+03  27.00
 112.57 -1.600000e-08 4.059242e+03  27.00
 112.52 -1.800000e-08 4.059512e+03  27.00
 112.52 -1.800000e-08 4.059783e+03  27.00
 112.45 -1.800000e-08 4.060053e+03  27.00
 112.45 -1.800000e-08 4.060324e+03  27.00
 112.41 -1.600000e-08 4.060594e+03  27.00
 112.41 -1.600000e-08 4.060864e+03  27.00
 112.34 -1.800000e-08 4.061135e+03  27.00
 112.34 -1.800000e-08 4.061405e+03  27.00
 112.29 -2.000000e-08 4.061676e+03  27.00
 112.29 -2.100000e-08 4.061946e+03  27.00
 112.22 -2.100000e-08 4.062216e+03  27.00
 112.22 -2.100000e-08 4.062488e+03  27.00
 112.15 -2.100000e-08 4.062757e+03  27.00
 112.15 -2.000000e-08 4.063028e+03  27.00
 112.10 -2.000000e-08 4.063299e+03  27.00
 112.10 -2.000000e-08 4.063569e+03  27.00
 112.03 -2.000000e-08 4.063839e+03  27.00
 112.03 -1.800000e-08 4.064109e+03  27.00
 111.98 -1.800000e-08 4.064380e+03  27.00
 111.98 -1.800000e-08 4.064651e+03  27.00
 111.91 -1.800000e-08 4.064921e+03  27.00
 111.91 -2.000000e-08 4.065191e+03  27.00
 111.84 -2.000000e-08 4.065462e+03  27.00
 111.84 -2.000000e-08 4.065732e+03  27.00
 111.77 -1.800000e-08 4.066003e+03  27.00
 111.77 -2.000000e-08 4.066273e+03  27.00
 111.73 -1.800000e-08 4.066543e+03  27.00
 111.73 -1.800000e-08 4.066815e+03  27.00
 111.66 -1.800000e-08 4.067084e+03  27.00
 111.66 -1.600000e-08 4.067355e+03  27.00
 111.59 -1.600000e-08 4.067625e+03  27.00
 111.59 -1.600000e-08 4.067896e+03  27.00
 111.52 -1.600000e-08 4.068166e+03  27.00
 111.52 -1.600000e-08 4.068436e+03  27.00
 111.45 -1.800000e-08 4.068707e+03  27.00
 111.45 -1.800000e-08 4.068978e+03  27.00
 111.38 -2.000000e-08 4.069248e+03  27.00
 111.38 -2.000000e-08 4.069518e+03  27.00
 111.33 -1.800000e-08 4.069789e+03  27.00
 111.33 -1.800000e-08 4.070059e+03  27.00
 111.26 -1.800000e-08 4.070330e+03  27.00
 111.26 -1.800000e-08 4.070600e+03  27.00
 111.19 -1.600000e-08 4.070870e+03  27.00
 111.19 -1.600000e-08 4.071141e+03  27.00
 111.12 -1.600000e-08 4.071411e+03  27.00
 111.12 -1.600000e-08 4.071681e+03  27.00
 111.05 -1.500000e-08 4.071952e+03  27.00
 111.05 -1.300000e-08 4.072222e+03  27.00
 110.98 -1.300000e-08 4.072493e+03  27.00
 110.98 -1.500000e-08 4.072763e+03  27.00
 110.91 -1.500000e-08 4.073034e+03  27.00
 110.91 -1.300000e-08 4.073305e+03  27.00
 110.84 -1.500000e-08 4.073574e+03  27.00
 110.84 -1.500000e-08 4.073845e+03  27.00
 110.77 -1.500000e-08 4.074116e+03  27.00
 110.77 -1.500000e-08 4.074386e+03  27.00
 110.70 -1.500000e-08 4.074656e+03  27.00
 110.70 -1.600000e-08 4.074926e+03  27.00
 110.65 -1.500000e-08 4.075197e+03  27.00
 110.65 -1.500000e-08 4.075469e+03  27.00
 110.58 -1.600000e-08 4.075738e+03  27.00
 110.58 -1.800000e-08 4.076009e+03  27.00
 110.51 -1.800000e-08 4.076279e+03  27.00
 110.51 -1.800000e-08 4.076549e+03  27.00
 110.44 -1.800000e-08 4.076819e+03  27.00
 110.44 -1.800000e-08 4.077090e+03  27.00
 110.37 -1.800000e-08 4.077361e+03  27.00
 110.37 -1.600000e-08 4.077631e+03  27.00
 110.30 -1.600000e-08 4.077901e+03  27.00
 110.30 -1.600000e-08 4.078171e+03  27.00
 110.23 -1.600000e-08 4.078442e+03  27.00
 110.23 -1.600000e-08 4.078713e+03  27.00
 110.16 -1.800000e-08 4.078983e+03  27.00
 110.16 -2.100000e-08 4.079253e+03  27.00
 110.09 -2.200000e-08 4.079524e+03  27.00
 110.02 -2.500000e-08 4.079795e+03  27.00
 110.02 -2.600000e-08 4.080065e+03  27.00
 109.95 -2.700000e-08 4.080335e+03  27.00
 109.95 -2.700000e-08 4.080606e+03  27.00
 109.88 -2.700000e-08 4.080876e+03  27.00
 109.88 -2.800000e-08 4.081146e+03  27.00
 109.81 -2.800000e-08 4.081417e+03  27.00
 109.81 -3.200000e-08 4.081687e+03  27.00
 109.74 -3.300000e-08 4.081957e+03  27.00
 109.74 -3.500000e-08 4.082228e+03  27.00
 109.67 -3.700000e-08 4.082499e+03  27.00
 109.67 -3.700000e-08 4.082769e+03  27.00
 109.60 -3.700000e-08 4.083039e+03  27.00
 109.60 -3.700000e-08 4.083310e+03  27.00
 109.52 -3.500000e-08 4.083580e+03  27.00
 109.52 -3.300000e-08 4.083851e+03  27.00
 109.45 -3.500000e-08 4.084122e+03  27.00
 109.45 -3.500000e-08 4.084392e+03  27.00
 109.38 -3.700000e-08 4.084662e+03  27.00
 109.38 -3.500000e-08 4.084932e+03  27.00
 109.31 -3.500000e-08 4.085203e+03  27.00
 109.31 -3.500000e-08 4.085473e+03  27.00
 109.24 -3.700000e-08 4.085743e+03  27.00
 109.24 -3.800000e-08 4.086014e+03  27.00
 109.17 -4.000000e-08 4.086285e+03  27.00
 109.17 -4.000000e-08 4.086555e+03  27.00
 109.10 -4.300000e-08 4.086825e+03  27.00
 109.10 -4.300000e-08 4.087095e+03  27.00
 109.03 -4.600000e-08 4.087366e+03  27.00
 109.03 -4.600000e-08 4.087637e+03  27.00
 108.96 -4.600000e-08 4.087907e+03  27.00
 108.96 -4.700000e-08 4.088178e+03  27.00
 108.89 -4.700000e-08 4.088448e+03  27.00
 108.89 -5.000000e-08 4.088718e+03  27.00
 108.82 -5.100000e-08 4.088989e+03  27.00
 108.82 -5.100000e-08 4.089259e+03  27.00
 108.75 -5.100000e-08 4.089529e+03  27.00
 108.75 -5.100000e-08 4.089801e+03  27.00
 108.68 -5.100000e-08 4.090070e+03  27.00
 108.68 -5.000000e-08 4.090341e+03  27.00
 108.61 -5.100000e-08 4.090612e+03  27.00
 108.61 -5.100000e-08 4.090882e+03  27.00
 108.54 -5.100000e-08 4.091152e+03  27.00
 108.54 -5.100000e-08 4.091422e+03  27.00
 108.47 -5.200000e-08 4.091693e+03  27.00
 108.47 -5.600000e-08 4.091963e+03  27.00
 108.40 -5.700000e-08 4.092234e+03  27.00
 108.40 -6.000000e-08 4.092505e+03  27.00
 108.33 -6.300000e-08 4.092775e+03  27.00
 108.33 -7.000000e-08 4.093045e+03  27.00
 108.26 -7.500000e-08 4.093315e+03  27.00
 108.26 -7.800000e-08 4.093586e+03  27.00
 108.19 -8.300000e-08 4.093856e+03  27.00
 108.19 -8.700000e-08 4.094127e+03  27.00
 108.12 -9.100000e-08 4.094397e+03  27.00
 108.12 -9.600000e-08 4.094667e+03  27.00
 108.05 -1.010000e-07 4.094938e+03  27.00
 108.05 -1.080000e-07 4.095209e+03  27.00
 107.98 -1.160000e-07 4.095479e+03  27.00
 107.98 -1.250000e-07 4.095749e+03  27.00
 107.91 -1.320000e-07 4.096020e+03  27.00
 107.91 -1.400000e-07 4.096290e+03  27.00
 107.84 -1.470000e-07 4.096560e+03  27.00
 107.84 -1.580000e-07 4.096831e+03  27.00
 107.74 -1.700000e-07 4.097102e+03  27.00
 107.74 -1.810000e-07 4.097372e+03  27.00
 107.67 -1.900000e-07 4.097642e+03  27.00
 107.67 -2.010000e-07 4.097913e+03  27.00
 107.60 -2.160000e-07 4.098183e+03  27.00
 107.60 -2.310000e-07 4.098454e+03  27.00
 107.53 -2.430000e-07 4.098724e+03  27.00
 107.53 -2.580000e-07 4.098994e+03  27.00
 107.46 -2.710000e-07 4.099265e+03  27.00
 107.46 -2.850000e-07 4.099535e+03  27.00
 107.39 -3.020000e-07 4.099806e+03  27.00
 107.32 -3.210000e-07 4.100076e+03  27.00
 107.32 -3.400000e-07 4.100347e+03  27.00
 107.25 -3.570000e-07 4.100617e+03  27.00
 107.25 -3.750000e-07 4.100888e+03  27.00
 107.21 -3.910000e-07 4.101158e+03  27.00
 107.21 -4.070000e-07 4.101429e+03  27.00
 107.14 -4.260000e-07 4.101699e+03  27.00
 107.14 -4.430000e-07 4.101969e+03  27.00
 107.07 -4.620000e-07 4.102240e+03  27.00
 107.07 -4.810000e-07 4.102510e+03  27.00
 107.00 -4.960000e-07 4.102780e+03  27.00
 107.00 -5.130000e-07 4.103051e+03  27.00
 106.93 -5.300000e-07 4.103321e+03  27.00
 106.93 -5.450000e-07 4.103591e+03  27.00
 106.85 -5.610000e-07 4.103862e+03  27.00
 106.85 -5.770000e-07 4.104132e+03  27.00
 106.78 -5.920000e-07 4.104403e+03  27.00
 106.78 -6.070000e-07 4.104673e+03  27.00
 106.71 -6.210000e-07 4.104943e+03  27.00
 106.71 -6.370000e-07 4.105214e+03  27.00
 106.67 -6.500000e-07 4.105484e+03  27.00
 106.67 -6.630000e-07 4.105755e+03  27.00
 106.60 -6.750000e-07 4.106026e+03  27.00
 106.60 -6.870000e-07 4.106297e+03  27.00
 106.53 -6.960000e-07 4.106566e+03  27.00
 106.53 -7.110000e-07 4.106837e+03  27.00
 106.46 -7.210000e-07 4.107107e+03  27.00
 106.46 -7.320000e-07 4.107378e+03  27.00
 106.41 -7.430000e-07 4.107648e+03  27.00
 106.41 -7.520000e-07 4.107918e+03  27.00
 106.34 -7.610000e-07 4.108189e+03  27.00
 106.34 -7.700000e-07 4.108459e+03  27.00
 106.27 -7.770000e-07 4.108730e+03  27.00
 106.27 -7.830000e-07 4.109000e+03  27.00
 106.22 -7.900000e-07 4.109271e+03  27.00
 106.22 -7.960000e-07 4.109541e+03  27.00
 106.15 -8.050000e-07 4.109812e+03  27.00
 106.15 -8.110000e-07 4.110083e+03  27.00
 106.08 -8.180000e-07 4.110352e+03  27.00
 106.08 -8.250000e-07 4.110623e+03  27.00
 106.04 -8.300000e-07 4.110893e+03  27.00
 106.04 -8.330000e-07 4.111164e+03  27.00
 105.96 -8.400000e-07 4.111434e+03  27.00
 105.96 -8.450000e-07 4.111704e+03  27.00
 105.92 -8.500000e-07 4.111975e+03  27.00
 105.92 -8.560000e-07 4.112245e+03  27.00
 105.85 -8.580000e-07 4.112515e+03  27.00
 105.85 -8.620000e-07 4.112786e+03  27.00
 105.78 -8.650000e-07 4.113056e+03  27.00
 105.78 -8.700000e-07 4.113327e+03  27.00
 105.73 -8.730000e-07 4.113597e+03  27.00
 105.73 -8.800000e-07 4.113868e+03  27.00
 105.66 -8.830000e-07 4.114139e+03  27.00
 105.66 -8.880000e-07 4.114409e+03  27.00
 105.61 -8.920000e-07 4.114679e+03  27.00
 105.61 -8.950000e-07 4.114949e+03  27.00
 105.54 -8.960000e-07 4.115220e+03  27.00
 105.54 -9.010000e-07 4.115490e+03  27.00
 105.50 -9.070000e-07 4.115761e+03  27.00
 105.50 -9.120000e-07 4.116031e+03  27.00
 105.43 -9.180000e-07 4.116302e+03  27.00
 105.43 -9.230000e-07 4.116572e+03  27.00
 105.38 -9.270000e-07 4.116842e+03  27.00
 105.38 -9.300000e-07 4.117113e+03  27.00
 105.31 -9.320000e-07 4.117383e+03  27.00
 105.31 -9.310000e-07 4.117654e+03  27.00
 105.26 -9.320000e-07 4.117924e+03  27.00
 105.26 -9.330000e-07 4.118195e+03  27.00
 105.19 -9.370000e-07 4.118465e+03  27.00
 105.19 -9.380000e-07 4.118735e+03  27.00
 105.15 -9.420000e-07 4.119006e+03  27.00
 105.15 -9.450000e-07 4.119276e+03  27.00
 105.07 -9.460000e-07 4.119547e+03  27.00
 105.07 -9.500000e-07 4.119817e+03  27.00
 105.03 -9.510000e-07 4.120088e+03  27.00
 105.03 -9.560000e-07 4.120358e+03  27.00
 104.98 -9.610000e-07 4.120628e+03  27.00
 104.91 -9.630000e-07 4.120899e+03  27.00
 104.91 -9.670000e-07 4.121169e+03  27.00
 104.86 -9.680000e-07 4.121439e+03  27.00
 104.86 -9.710000e-07 4.121710e+03  27.00
 104.79 -9.730000e-07 4.121980e+03  27.00
 104.79 -9.760000e-07 4.122251e+03  27.00
 104.75 -9.810000e-07 4.122521e+03  27.00
 104.75 -9.820000e-07 4.122792e+03  27.00
 104.68 -9.830000e-07 4.123063e+03  27.00
 104.68 -9.860000e-07 4.123332e+03  27.00
 104.63 -9.880000e-07 4.123603e+03  27.00
 104.63 -9.900000e-07 4.123874e+03  27.00
 104.58 -9.900000e-07 4.124144e+03  27.00
 104.58 -9.920000e-07 4.124414e+03  27.00
 104.51 -9.930000e-07 4.124685e+03  27.00
 104.51 -9.960000e-07 4.124955e+03  27.00
 104.47 -9.980000e-07 4.125226e+03  27.00
 104.47 -9.960000e-07 4.125496e+03  27.00
 104.42 -9.960000e-07 4.125766e+03  27.00
 104.42 -9.960000e-07 4.126037e+03  27.00
 104.35 -9.960000e-07 4.126307e+03  27.00
 104.35 -9.960000e-07 4.126578e+03  27.00
 104.30 -1.000000e-06 4.126848e+03  27.00
 104.30 -1.000000e-06 4.127118e+03  27.00
 104.23 -1.002000e-06 4.127390e+03  27.00
 104.23 -1.006000e-06 4.127660e+03  27.00
 104.18 -1.008000e-06 4.127930e+03  27.00
 104.18 -1.012000e-06 4.128200e+03  27.00
 104.14 -1.013000e-06 4.128470e+03  27.00
 104.14 -1.013000e-06 4.128741e+03  27.00
 104.07 -1.015000e-06 4.129012e+03  27.00
 104.07 -1.015000e-06 4.129282e+03  27.00
 104.02 -1.017000e-06 4.129552e+03  27.00
 104.02 -1.018000e-06 4.129823e+03  27.00
 103.97 -1.020000e-06 4.130093e+03  27.00
 103.97 -1.020000e-06 4.130363e+03  27.00
 103.90 -1.021000e-06 4.130634e+03  27.00
 103.90 -1.023000e-06 4.130905e+03  27.00
 103.86 -1.023000e-06 4.131175e+03  27.00
 103.86 -1.026000e-06 4.131445e+03  27.00
 103.79 -1.027000e-06 4.131716e+03  27.00
 103.79 -1.030000e-06 4.131986e+03  27.00
 103.74 -1.032000e-06 4.132256e+03  27.00
 103.74 -1.036000e-06 4.132527e+03  27.00
 103.69 -1.037000e-06 4.132799e+03  27.00
 103.69 -1.038000e-06 4.133068e+03  27.00
 103.62 -1.040000e-06 4.133338e+03  27.00
 103.62 -1.042000e-06 4.133609e+03  27.00
 103.58 -1.042000e-06 4.133879e+03  27.00
 103.58 -1.042000e-06 4.134149e+03  27.00
 103.51 -1.042000e-06 4.134420e+03  27.00
 103.51 -1.043000e-06 4.134691e+03  27.00
 103.46 -1.043000e-06 4.134961e+03  27.00
 103.46 -1.045000e-06 4.135231e+03  27.00
 103.41 -1.045000e-06 4.135502e+03  27.00
 103.41 -1.046000e-06 4.135772e+03  27.00
 103.34 -1.046000e-06 4.136042e+03  27.00
 103.34 -1.048000e-06 4.136313e+03  27.00
 103.30 -1.051000e-06 4.136583e+03  27.00
 103.30 -1.052000e-06 4.136854e+03  27.00
 103.22 -1.056000e-06 4.137125e+03  27.00
 103.22 -1.056000e-06 4.137395e+03  27.00
 103.18 -1.056000e-06 4.137665e+03  27.00
 103.18 -1.057000e-06 4.137935e+03  27.00
 103.13 -1.058000e-06 4.138206e+03  27.00
 103.13 -1.061000e-06 4.138476e+03  27.00
 103.06 -1.062000e-06 4.138747e+03  27.00
 103.06 -1.063000e-06 4.139017e+03  27.00
 103.02 -1.063000e-06 4.139287e+03  27.00
 103.02 -1.065000e-06 4.139558e+03  27.00
 102.95 -1.067000e-06 4.139829e+03  27.00
 102.95 -1.070000e-06 4.140099e+03  27.00
 102.90 -1.073000e-06 4.140370e+03  27.00
 102.90 -1.076000e-06 4.140640e+03  27.00
 102.85 -1.077000e-06 4.140910e+03  27.00
 102.85 -1.081000e-06 4.141181e+03  27.00
 102.78 -1.082000e-06 4.141451e+03  27.00
 102.74 -1.083000e-06 4.141721e+03  27.00
 102.74 -1.083000e-06 4.141992e+03  27.00
 102.67 -1.086000e-06 4.142262e+03  27.00
 102.67 -1.087000e-06 4.142533e+03  27.00
 102.62 -1.087000e-06 4.142804e+03  27.00
 102.62 -1.090000e-06 4.143074e+03  27.00
 102.55 -1.092000e-06 4.143344e+03  27.00
 102.55 -1.093000e-06 4.143615e+03  27.00
 102.50 -1.095000e-06 4.143885e+03  27.00
 102.50 -1.095000e-06 4.144156e+03  27.00
 102.43 -1.096000e-06 4.144426e+03  27.00
 102.43 -1.096000e-06 4.144696e+03  27.00
 102.39 -1.096000e-06 4.144967e+03  27.00
 102.39 -1.096000e-06 4.145237e+03  27.00
 102.32 -1.095000e-06 4.145507e+03  27.00
 102.32 -1.096000e-06 4.145778e+03  27.00
 102.27 -1.096000e-06 4.146048e+03  27.00
 102.27 -1.098000e-06 4.146318e+03  27.00
 102.20 -1.098000e-06 4.146589e+03  27.00
 102.20 -1.098000e-06 4.146859e+03  27.00
 102.15 -1.098000e-06 4.147130e+03  27.00
 102.15 -1.098000e-06 4.147401e+03  27.00
 102.08 -1.098000e-06 4.147671e+03  27.00
 102.08 -1.100000e-06 4.147941e+03  27.00
 102.04 -1.102000e-06 4.148212e+03  27.00
 102.04 -1.106000e-06 4.148482e+03  27.00
 101.99 -1.106000e-06 4.148753e+03  27.00
 101.99 -1.107000e-06 4.149023e+03  27.00
 101.92 -1.108000e-06 4.149293e+03  27.00
 101.92 -1.111000e-06 4.149563e+03  27.00
 101.87 -1.111000e-06 4.149834e+03  27.00
 101.87 -1.112000e-06 4.150105e+03  27.00
 101.83 -1.112000e-06 4.150375e+03  27.00
 101.83 -1.113000e-06 4.150645e+03  27.00
 101.78 -1.112000e-06 4.150916e+03  27.00
 101.78 -1.113000e-06 4.151186e+03  27.00
 101.71 -1.113000e-06 4.151456e+03  27.00
 101.71 -1.115000e-06 4.151727e+03  27.00
 101.66 -1.117000e-06 4.151998e+03  27.00
 101.66 -1.118000e-06 4.152268e+03  27.00
 101.62 -1.120000e-06 4.152538e+03  27.00
 101.62 -1.121000e-06 4.152809e+03  27.00
 101.57 -1.125000e-06 4.153079e+03  27.00
 101.57 -1.125000e-06 4.153351e+03  27.00
 101.50 -1.126000e-06 4.153620e+03  27.00
 101.50 -1.125000e-06 4.153891e+03  27.00
 101.45 -1.125000e-06 4.154161e+03  27.00
 101.45 -1.125000e-06 4.154432e+03  27.00
 101.41 -1.126000e-06 4.154702e+03  27.00
 101.41 -1.126000e-06 4.154972e+03  27.00
 101.36 -1.126000e-06 4.155243e+03  27.00
 101.36 -1.126000e-06 4.155513e+03  27.00
 101.31 -1.130000e-06 4.155784e+03  27.00
 101.31 -1.131000e-06 4.156054e+03  27.00
 101.27 -1.132000e-06 4.156324e+03  27.00
 101.27 -1.133000e-06 4.156595e+03  27.00
 101.22 -1.133000e-06 4.156865e+03  27.00
 101.22 -1.133000e-06 4.157136e+03  27.00
 101.15 -1.133000e-06 4.157406e+03  27.00
 101.15 -1.133000e-06 4.157677e+03  27.00
 101.10 -1.133000e-06 4.157947e+03  27.00
 101.10 -1.137000e-06 4.158217e+03  27.00
 101.06 -1.138000e-06 4.158488e+03  27.00
 101.06 -1.138000e-06 4.158758e+03  27.00
 101.01 -1.140000e-06 4.159029e+03  27.00
 101.01 -1.140000e-06 4.159300e+03  27.00
 100.96 -1.142000e-06 4.159569e+03  27.00
 100.96 -1.143000e-06 4.159840e+03  27.00
 100.92 -1.143000e-06 4.160111e+03  27.00
 100.92 -1.145000e-06 4.160381e+03  27.00
 100.87 -1.145000e-06 4.160651e+03  27.00
 100.87 -1.145000e-06 4.160922e+03  27.00
 100.80 -1.146000e-06 4.161192e+03  27.00
 100.80 -1.146000e-06 4.161462e+03  27.00
 100.75 -1.146000e-06 4.161733e+03  27.00
 100.71 -1.146000e-06 4.162006e+03  27.00
 100.71 -1.148000e-06 4.162274e+03  27.00
 100.66 -1.150000e-06 4.162544e+03  27.00
 100.66 -1.151000e-06 4.162815e+03  27.00
 100.61 -1.152000e-06 4.163085e+03  27.00
 100.61 -1.152000e-06 4.163356e+03  27.00
 100.54 -1.152000e-06 4.163626e+03  27.00
 100.54 -1.152000e-06 4.163896e+03  27.00
 100.50 -1.155000e-06 4.164167e+03  27.00
 100.50 -1.156000e-06 4.164437e+03  27.00
 100.45 -1.157000e-06 4.164708e+03  27.00
 100.45 -1.161000e-06 4.164978e+03  27.00
 100.40 -1.162000e-06 4.165249e+03  27.00
 100.40 -1.163000e-06 4.165519e+03  27.00
 100.33 -1.165000e-06 4.165789e+03  27.00
 100.33 -1.167000e-06 4.166060e+03  27.00
 100.29 -1.168000e-06 4.166331e+03  27.00
 100.29 -1.168000e-06 4.166601e+03  27.00
 100.24 -1.170000e-06 4.166871e+03  27.00
 100.24 -1.170000e-06 4.167142e+03  27.00
 100.17 -1.170000e-06 4.167412e+03  27.00
 100.17 -1.170000e-06 4.167682e+03  27.00
 100.12 -1.171000e-06 4.167953e+03  27.00
 100.12 -1.173000e-06 4.168223e+03  27.00
 100.05 -1.175000e-06 4.168493e+03  27.00
 100.05 -1.175000e-06 4.168764e+03  27.00
 100.01 -1.176000e-06 4.169034e+03  27.00
 100.01 -1.177000e-06 4.169305e+03  27.00
  99.96 -1.177000e-06 4.169575e+03  27.00
  99.96 -1.177000e-06 4.169846e+03  27.00
  99.89 -1.177000e-06 4.170116e+03  27.00
  99.89 -1.177000e-06 4.170387e+03  27.00
  99.84 -1.177000e-06 4.170658e+03  27.00
  99.84 -1.176000e-06 4.170927e+03  27.00
  99.77 -1.176000e-06 4.171198e+03  27.00
  99.77 -1.176000e-06 4.171468e+03  27.00
  99.73 -1.176000e-06 4.171739e+03  27.00
  99.73 -1.175000e-06 4.172009e+03  27.00
  99.66 -1.176000e-06 4.172279e+03  27.00
  99.66 -1.176000e-06 4.172550e+03  27.00
  99.61 -1.176000e-06 4.172820e+03  27.00
  99.61 -1.176000e-06 4.173090e+03  27.00
  99.54 -1.177000e-06 4.173361e+03  27.00
  99.54 -1.180000e-06 4.173632e+03  27.00
  99.50 -1.181000e-06 4.173902e+03  27.00
  99.50 -1.183000e-06 4.174173e+03  27.00
  99.43 -1.186000e-06 4.174443e+03  27.00
  99.43 -1.186000e-06 4.174713e+03  27.00
  99.38 -1.186000e-06 4.174984e+03  27.00
  99.38 -1.186000e-06 4.175254e+03  27.00
  99.31 -1.187000e-06 4.175525e+03  27.00
  99.31 -1.187000e-06 4.175795e+03  27.00
  99.26 -1.187000e-06 4.176066e+03  27.00
  99.26 -1.187000e-06 4.176336e+03  27.00
  99.19 -1.188000e-06 4.176606e+03  27.00
  99.19 -1.190000e-06 4.176877e+03  27.00
  99.15 -1.192000e-06 4.177147e+03  27.00
  99.15 -1.192000e-06 4.177417e+03  27.00
  99.08 -1.192000e-06 4.177688e+03  27.00
  99.08 -1.193000e-06 4.177958e+03  27.00
  99.03 -1.195000e-06 4.178229e+03  27.00
  99.03 -1.195000e-06 4.178500e+03  27.00
  98.96 -1.196000e-06 4.178770e+03  27.00
  98.96 -1.196000e-06 4.179040e+03  27.00
  98.89 -1.196000e-06 4.179312e+03  27.00
  98.89 -1.197000e-06 4.179581e+03  27.00
  98.84 -1.197000e-06 4.179851e+03  27.00
  98.84 -1.197000e-06 4.180122e+03  27.00
  98.77 -1.198000e-06 4.180392e+03  27.00
  98.77 -1.198000e-06 4.180663e+03  27.00
  98.73 -1.198000e-06 4.180933e+03  27.00
  98.73 -1.200000e-06 4.181204e+03  27.00
  98.66 -1.200000e-06 4.181474e+03  27.00
  98.66 -1.200000e-06 4.181744e+03  27.00
  98.61 -1.201000e-06 4.182015e+03  27.00
  98.61 -1.203000e-06 4.182285e+03  27.00
  98.54 -1.201000e-06 4.182555e+03  27.00
  98.49 -1.203000e-06 4.182827e+03  27.00
  98.49 -1.201000e-06 4.183096e+03  27.00
  98.42 -1.200000e-06 4.183367e+03  27.00
  98.42 -1.201000e-06 4.183637e+03  27.00
  98.35 -1.203000e-06 4.183908e+03  27.00
  98.35 -1.206000e-06 4.184178e+03  27.00
  98.31 -1.207000e-06 4.184449e+03  27.00
  98.31 -1.207000e-06 4.184719e+03  27.00
  98.24 -1.207000e-06 4.184989e+03  27.00
  98.24 -1.211000e-06 4.185260e+03  27.00
  98.19 -1.212000e-06 4.185530e+03  27.00
  98.19 -1.213000e-06 4.185802e+03  27.00
  98.12 -1.216000e-06 4.186071e+03  27.00
  98.12 -1.216000e-06 4.186341e+03  27.00
  98.07 -1.216000e-06 4.186612e+03  27.00
  98.07 -1.218000e-06 4.186882e+03  27.00
  98.00 -1.218000e-06 4.187153e+03  27.00
  98.00 -1.220000e-06 4.187423e+03  27.00
  97.96 -1.220000e-06 4.187694e+03  27.00
  97.96 -1.220000e-06 4.187965e+03  27.00
  97.89 -1.220000e-06 4.188235e+03  27.00
  97.89 -1.218000e-06 4.188505e+03  27.00
  97.84 -1.220000e-06 4.188775e+03  27.00
  97.84 -1.220000e-06 4.189046e+03  27.00
  97.77 -1.220000e-06 4.189317e+03  27.00
  97.77 -1.220000e-06 4.189587e+03  27.00
  97.72 -1.220000e-06 4.189857e+03  27.00
  97.72 -1.223000e-06 4.190128e+03  27.00
  97.65 -1.226000e-06 4.190398e+03  27.00
  97.65 -1.228000e-06 4.190668e+03  27.00
  97.58 -1.230000e-06 4.190939e+03  27.00
  97.58 -1.230000e-06 4.191209e+03  27.00
  97.54 -1.230000e-06 4.191480e+03  27.00
  97.54 -1.230000e-06 4.191750e+03  27.00
  97.47 -1.230000e-06 4.192021e+03  27.00
  97.47 -1.230000e-06 4.192291e+03  27.00
  97.42 -1.230000e-06 4.192561e+03  27.00
  97.42 -1.226000e-06 4.192832e+03  27.00
  97.35 -1.228000e-06 4.193102e+03  27.00
  97.35 -1.228000e-06 4.193372e+03  27.00
  97.30 -1.228000e-06 4.193643e+03  27.00
  97.30 -1.226000e-06 4.193913e+03  27.00
  97.23 -1.226000e-06 4.194184e+03  27.00
  97.23 -1.228000e-06 4.194455e+03  27.00
  97.19 -1.228000e-06 4.194725e+03  27.00
  97.19 -1.230000e-06 4.194995e+03  27.00
  97.12 -1.231000e-06 4.195266e+03  27.00
  97.12 -1.232000e-06 4.195536e+03  27.00
  97.07 -1.232000e-06 4.195807e+03  27.00
  97.07 -1.232000e-06 4.196077e+03  27.00
  97.00 -1.232000e-06 4.196347e+03  27.00
  97.00 -1.232000e-06 4.196617e+03  27.00
  96.95 -1.232000e-06 4.196888e+03  27.00
  96.95 -1.232000e-06 4.197159e+03  27.00
  96.88 -1.232000e-06 4.197429e+03  27.00
  96.88 -1.232000e-06 4.197699e+03  27.00
  96.84 -1.232000e-06 4.197970e+03  27.00
  96.84 -1.235000e-06 4.198240e+03  27.00
  96.77 -1.236000e-06 4.198511e+03  27.00
  96.77 -1.237000e-06 4.198781e+03  27.00
  96.72 -1.238000e-06 4.199052e+03  27.00
  96.72 -1.241000e-06 4.199322e+03  27.00
  96.65 -1.242000e-06 4.199592e+03  27.00
  96.65 -1.242000e-06 4.199863e+03  27.00
  96.60 -1.243000e-06 4.200133e+03  27.00
  96.60 -1.243000e-06 4.200403e+03  27.00
  96.53 -1.245000e-06 4.200675e+03  27.00
  96.53 -1.245000e-06 4.200945e+03  27.00
  96.49 -1.247000e-06 4.201215e+03  27.00
  96.49 -1.247000e-06 4.201485e+03  27.00
  96.42 -1.250000e-06 4.201756e+03  27.00
  96.42 -1.250000e-06 4.202026e+03  27.00
  96.37 -1.250000e-06 4.202296e+03  27.00
  96.37 -1.250000e-06 4.202567e+03  27.00
  96.30 -1.251000e-06 4.202838e+03  27.00
  96.30 -1.250000e-06 4.203108e+03  27.00
  96.26 -1.248000e-06 4.203378e+03  27.00
  96.19 -1.250000e-06 4.203649e+03  27.00
  96.19 -1.250000e-06 4.203919e+03  27.00
  96.14 -1.251000e-06 4.204189e+03  27.00
  96.14 -1.255000e-06 4.204460e+03  27.00
  96.07 -1.256000e-06 4.204730e+03  27.00
  96.07 -1.257000e-06 4.205001e+03  27.00
  96.00 -1.260000e-06 4.205271e+03  27.00
  96.00 -1.261000e-06 4.205542e+03  27.00
  95.95 -1.261000e-06 4.205812e+03  27.00
  95.95 -1.261000e-06 4.206082e+03  27.00
  95.88 -1.261000e-06 4.206353e+03  27.00
  95.88 -1.260000e-06 4.206623e+03  27.00
  95.84 -1.260000e-06 4.206894e+03  27.00
  95.84 -1.261000e-06 4.207164e+03  27.00
  95.77 -1.261000e-06 4.207435e+03  27.00
  95.77 -1.261000e-06 4.207705e+03  27.00
  95.72 -1.261000e-06 4.207976e+03  27.00
  95.72 -1.263000e-06 4.208246e+03  27.00
  95.65 -1.263000e-06 4.208516e+03  27.00
  95.65 -1.263000e-06 4.208787e+03  27.00
  95.60 -1.266000e-06 4.209057e+03  27.00
  95.60 -1.266000e-06 4.209328e+03  27.00
  95.53 -1.266000e-06 4.209598e+03  27.00
  95.53 -1.266000e-06 4.209869e+03  27.00
  95.49 -1.267000e-06 4.210139e+03  27.00
  95.49 -1.268000e-06 4.210409e+03  27.00
  95.42 -1.268000e-06 4.210680e+03  27.00
  95.42 -1.270000e-06 4.210950e+03  27.00
  95.37 -1.270000e-06 4.211220e+03  27.00
  95.37 -1.270000e-06 4.211492e+03  27.00
  95.30 -1.270000e-06 4.211762e+03  27.00
  95.30 -1.270000e-06 4.212032e+03  27.00
  95.25 -1.270000e-06 4.212303e+03  27.00
  95.25 -1.270000e-06 4.212573e+03  27.00
  95.18 -1.270000e-06 4.212843e+03  27.00
  95.18 -1.270000e-06 4.213114e+03  27.00
  95.11 -1.272000e-06 4.213384e+03  27.00
  95.11 -1.273000e-06 4.213655e+03  27.00
  95.07 -1.273000e-06 4.213926e+03  27.00
  95.07 -1.276000e-06 4.214196e+03  27.00
  95.00 -1.276000e-06 4.214466e+03  27.00
  95.00 -1.276000e-06 4.214737e+03  27.00
  94.95 -1.276000e-06 4.215007e+03  27.00
  94.95 -1.278000e-06 4.215277e+03  27.00
  94.88 -1.280000e-06 4.215547e+03  27.00
  94.88 -1.281000e-06 4.215818e+03  27.00
  94.83 -1.281000e-06 4.216088e+03  27.00
  94.83 -1.281000e-06 4.216359e+03  27.00
  94.76 -1.282000e-06 4.216629e+03  27.00
  94.76 -1.285000e-06 4.216899e+03  27.00
  94.72 -1.282000e-06 4.217170e+03  27.00
  94.72 -1.282000e-06 4.217440e+03  27.00
  94.67 -1.286000e-06 4.217711e+03  27.00
  94.67 -1.286000e-06 4.217982e+03  27.00
  94.60 -1.286000e-06 4.218252e+03  27.00
  94.60 -1.286000e-06 4.218522e+03  27.00
  94.55 -1.288000e-06 4.218792e+03  27.00
  94.55 -1.291000e-06 4.219063e+03  27.00
  94.48 -1.291000e-06 4.219333e+03  27.00
  94.48 -1.291000e-06 4.219604e+03  27.00
  94.44 -1.291000e-06 4.219874e+03  27.00
  94.44 -1.288000e-06 4.220144e+03  27.00
  94.37 -1.288000e-06 4.220415e+03  27.00
  94.37 -1.288000e-06 4.220685e+03  27.00
  94.32 -1.288000e-06 4.220956e+03  27.00
  94.32 -1.287000e-06 4.221226e+03  27.00
  94.25 -1.287000e-06 4.221497e+03  27.00
  94.25 -1.286000e-06 4.221767e+03  27.00
  94.20 -1.287000e-06 4.222037e+03  27.00
  94.20 -1.287000e-06 4.222308e+03  27.00
  94.13 -1.288000e-06 4.222579e+03  27.00
  94.13 -1.291000e-06 4.222849e+03  27.00
  94.09 -1.292000e-06 4.223119e+03  27.00
  94.09 -1.293000e-06 4.223389e+03  27.00
  94.04 -1.295000e-06 4.223660e+03  27.00
  94.04 -1.297000e-06 4.223931e+03  27.00
  93.97 -1.295000e-06 4.224201e+03  27.00
  93.92 -1.297000e-06 4.224472e+03  27.00
  93.92 -1.297000e-06 4.224742e+03  27.00
  93.85 -1.298000e-06 4.225013e+03  27.00
  93.85 -1.298000e-06 4.225283e+03  27.00
  93.81 -1.298000e-06 4.225553e+03  27.00
  93.81 -1.298000e-06 4.225824e+03  27.00
  93.76 -1.300000e-06 4.226094e+03  27.00
  93.76 -1.301000e-06 4.226364e+03  27.00
  93.69 -1.301000e-06 4.226635e+03  27.00
  93.69 -1.306000e-06 4.226905e+03  27.00
  93.64 -1.307000e-06 4.227176e+03  27.00
  93.64 -1.306000e-06 4.227446e+03  27.00
  93.57 -1.305000e-06 4.227716e+03  27.00
  93.57 -1.303000e-06 4.227987e+03  27.00
  93.53 -1.303000e-06 4.228258e+03  27.00
  93.53 -1.301000e-06 4.228528e+03  27.00
  93.46 -1.300000e-06 4.228798e+03  27.00
  93.46 -1.300000e-06 4.229069e+03  27.00
  93.41 -1.300000e-06 4.229339e+03  27.00
  93.41 -1.301000e-06 4.229609e+03  27.00
  93.36 -1.303000e-06 4.229880e+03  27.00
  93.36 -1.305000e-06 4.230150e+03  27.00
  93.29 -1.306000e-06 4.230420e+03  27.00
  93.29 -1.307000e-06 4.230691e+03  27.00
  93.25 -1.311000e-06 4.230962e+03  27.00
  93.25 -1.311000e-06 4.231232e+03  27.00
  93.18 -1.312000e-06 4.231503e+03  27.00
  93.18 -1.313000e-06 4.231773e+03  27.00
  93.13 -1.313000e-06 4.232043e+03  27.00
  93.13 -1.316000e-06 4.232314e+03  27.00
  93.06 -1.317000e-06 4.232584e+03  27.00
  93.06 -1.318000e-06 4.232855e+03  27.00
  93.02 -1.320000e-06 4.233125e+03  27.00
  93.02 -1.320000e-06 4.233396e+03  27.00
  92.95 -1.320000e-06 4.233666e+03  27.00
  92.95 -1.322000e-06 4.233936e+03  27.00
  92.90 -1.320000e-06 4.234206e+03  27.00
  92.90 -1.322000e-06 4.234477e+03  27.00
  92.85 -1.323000e-06 4.234747e+03  27.00
  92.85 -1.323000e-06 4.235018e+03  27.00
  92.79 -1.325000e-06 4.235289e+03  27.00
  92.79 -1.326000e-06 4.235559e+03  27.00
  92.74 -1.328000e-06 4.235829e+03  27.00
  92.74 -1.330000e-06 4.236100e+03  27.00
  92.67 -1.331000e-06 4.236370e+03  27.00
  92.67 -1.331000e-06 4.236641e+03  27.00
  92.62 -1.331000e-06 4.236911e+03  27.00
  92.62 -1.331000e-06 4.237181e+03  27.00
  92.58 -1.331000e-06 4.237452e+03  27.00
  92.58 -1.330000e-06 4.237722e+03  27.00
  92.51 -1.330000e-06 4.237993e+03  27.00
  92.51 -1.330000e-06 4.238263e+03  27.00
  92.46 -1.330000e-06 4.238533e+03  27.00
  92.46 -1.330000e-06 4.238805e+03  27.00
  92.42 -1.331000e-06 4.239074e+03  27.00
  92.42 -1.332000e-06 4.239345e+03  27.00
  92.35 -1.335000e-06 4.239616e+03  27.00
  92.35 -1.336000e-06 4.239887e+03  27.00
  92.30 -1.336000e-06 4.240156e+03  27.00
  92.30 -1.337000e-06 4.240427e+03  27.00
  92.23 -1.338000e-06 4.240697e+03  27.00
  92.23 -1.338000e-06 4.240967e+03  27.00
  92.18 -1.338000e-06 4.241238e+03  27.00
  92.18 -1.341000e-06 4.241508e+03  27.00
  92.14 -1.342000e-06 4.241778e+03  27.00
  92.14 -1.342000e-06 4.242049e+03  27.00
  92.07 -1.341000e-06 4.242319e+03  27.00
  92.07 -1.341000e-06 4.242590e+03  27.00
  92.02 -1.341000e-06 4.242861e+03  27.00
  92.02 -1.341000e-06 4.243131e+03  27.00
  91.95 -1.342000e-06 4.243401e+03  27.00
  91.95 -1.345000e-06 4.243672e+03  27.00
  91.91 -1.347000e-06 4.243942e+03  27.00
  91.91 -1.348000e-06 4.244213e+03  27.00
  91.86 -1.347000e-06 4.244483e+03  27.00
  91.86 -1.347000e-06 4.244754e+03  27.00
  91.79 -1.345000e-06 4.245024e+03  27.00
  91.75 -1.347000e-06 4.245295e+03  27.00
  91.75 -1.348000e-06 4.245565e+03  27.00
  91.68 -1.347000e-06 4.245835e+03  27.00
  91.68 -1.347000e-06 4.246105e+03  27.00
  91.63 -1.347000e-06 4.246376e+03  27.00
  91.63 -1.347000e-06 4.246646e+03  27.00
  91.58 -1.347000e-06 4.246917e+03  27.00
  91.58 -1.347000e-06 4.247187e+03  27.00
  91.52 -1.345000e-06 4.247457e+03  27.00
  91.52 -1.347000e-06 4.247728e+03  27.00
  91.47 -1.347000e-06 4.247999e+03  27.00
  91.47 -1.347000e-06 4.248270e+03  27.00
  91.42 -1.348000e-06 4.248540e+03  27.00
  91.42 -1.348000e-06 4.248809e+03  27.00
  91.35 -1.350000e-06 4.249080e+03  27.00
  91.35 -1.350000e-06 4.249351e+03  27.00
  91.31 -1.348000e-06 4.249621e+03  27.00
  91.31 -1.350000e-06 4.249892e+03  27.00
  91.26 -1.351000e-06 4.250162e+03  27.00
  91.26 -1.353000e-06 4.250432e+03  27.00
  91.19 -1.356000e-06 4.250703e+03  27.00
  91.19 -1.356000e-06 4.250973e+03  27.00
  91.15 -1.356000e-06 4.251243e+03  27.00
  91.15 -1.357000e-06 4.251514e+03  27.00
  91.10 -1.357000e-06 4.251784e+03  27.00
  91.10 -1.357000e-06 4.252055e+03  27.00
  91.03 -1.360000e-06 4.252325e+03  27.00
  91.03 -1.357000e-06 4.252596e+03  27.00
  90.98 -1.360000e-06 4.252867e+03  27.00
  90.98 -1.360000e-06 4.253136e+03  27.00
  90.94 -1.360000e-06 4.253407e+03  27.00
  90.94 -1.357000e-06 4.253678e+03  27.00
  90.87 -1.360000e-06 4.253948e+03  27.00
  90.87 -1.357000e-06 4.254218e+03  27.00
  90.82 -1.361000e-06 4.254489e+03  27.00
  90.82 -1.362000e-06 4.254759e+03  27.00
  90.78 -1.362000e-06 4.255029e+03  27.00
  90.78 -1.362000e-06 4.255300e+03  27.00
  90.71 -1.363000e-06 4.255570e+03  27.00
  90.71 -1.366000e-06 4.255841e+03  27.00
  90.66 -1.366000e-06 4.256111e+03  27.00
  90.66 -1.367000e-06 4.256382e+03  27.00
  90.61 -1.367000e-06 4.256652e+03  27.00
  90.61 -1.367000e-06 4.256922e+03  27.00
  90.57 -1.368000e-06 4.257193e+03  27.00
  90.57 -1.368000e-06 4.257463e+03  27.00
  90.50 -1.370000e-06 4.257734e+03  27.00
  90.50 -1.372000e-06 4.258004e+03  27.00
  90.45 -1.372000e-06 4.258274e+03  27.00
  90.45 -1.372000e-06 4.258545e+03  27.00
  90.41 -1.372000e-06 4.258815e+03  27.00
  90.41 -1.373000e-06 4.259086e+03  27.00
  90.36 -1.375000e-06 4.259356e+03  27.00
  90.36 -1.376000e-06 4.259627e+03  27.00
  90.29 -1.378000e-06 4.259897e+03  27.00
  90.29 -1.378000e-06 4.260167e+03  27.00
  90.24 -1.380000e-06 4.260438e+03  27.00
  90.24 -1.381000e-06 4.260708e+03  27.00
  90.20 -1.382000e-06 4.260979e+03  27.00
  90.20 -1.385000e-06 4.261249e+03  27.00
  90.15 -1.386000e-06 4.261520e+03  27.00
  90.15 -1.386000e-06 4.261790e+03  27.00
  90.08 -1.386000e-06 4.262060e+03  27.00
  90.08 -1.386000e-06 4.262331e+03  27.00
  90.04 -1.382000e-06 4.262601e+03  27.00
  90.04 -1.385000e-06 4.262871e+03  27.00
  89.99 -1.386000e-06 4.263142e+03  27.00
  89.99 -1.386000e-06 4.263412e+03  27.00
  89.94 -1.385000e-06 4.263683e+03  27.00
  89.94 -1.382000e-06 4.263953e+03  27.00
  89.90 -1.382000e-06 4.264224e+03  27.00
  89.90 -1.382000e-06 4.264495e+03  27.00
  89.83 -1.385000e-06 4.264765e+03  27.00
  89.83 -1.386000e-06 4.265036e+03  27.00
  89.78 -1.386000e-06 4.265306e+03  27.00
  89.74 -1.387000e-06 4.265578e+03  27.00
  89.74 -1.387000e-06 4.265847e+03  27.00
  89.69 -1.388000e-06 4.266117e+03  27.00
  89.69 -1.388000e-06 4.266387e+03  27.00
  89.64 -1.391000e-06 4.266657e+03  27.00
  89.64 -1.392000e-06 4.266928e+03  27.00
  89.58 -1.393000e-06 4.267199e+03  27.00
  89.58 -1.393000e-06 4.267469e+03  27.00
  89.53 -1.393000e-06 4.267740e+03  27.00
  89.53 -1.395000e-06 4.268010e+03  27.00
  89.48 -1.395000e-06 4.268280e+03  27.00
  89.48 -1.395000e-06 4.268550e+03  27.00
  89.44 -1.395000e-06 4.268821e+03  27.00
  89.44 -1.395000e-06 4.269092e+03  27.00
  89.39 -1.395000e-06 4.269362e+03  27.00
  89.39 -1.393000e-06 4.269633e+03  27.00
  89.34 -1.393000e-06 4.269903e+03  27.00
  89.34 -1.395000e-06 4.270174e+03  27.00
  89.27 -1.395000e-06 4.270443e+03  27.00
  89.27 -1.397000e-06 4.270714e+03  27.00
  89.23 -1.398000e-06 4.270984e+03  27.00
  89.23 -1.398000e-06 4.271255e+03  27.00
  89.18 -1.400000e-06 4.271525e+03  27.00
  89.18 -1.400000e-06 4.271796e+03  27.00
  89.14 -1.401000e-06 4.272066e+03  27.00
  89.14 -1.403000e-06 4.272337e+03  27.00
  89.07 -1.403000e-06 4.272607e+03  27.00
  89.07 -1.405000e-06 4.272878e+03  27.00
  89.02 -1.406000e-06 4.273148e+03  27.00
  89.02 -1.407000e-06 4.273418e+03  27.00
  88.97 -1.407000e-06 4.273689e+03  27.00
  88.97 -1.410000e-06 4.273959e+03  27.00
  88.93 -1.410000e-06 4.274229e+03  27.00
  88.93 -1.411000e-06 4.274500e+03  27.00
  88.88 -1.411000e-06 4.274771e+03  27.00
  88.88 -1.412000e-06 4.275041e+03  27.00
  88.81 -1.412000e-06 4.275312e+03  27.00
  88.81 -1.412000e-06 4.275582e+03  27.00
  88.77 -1.413000e-06 4.275852e+03  27.00
  88.77 -1.412000e-06 4.276123e+03  27.00
  88.72 -1.412000e-06 4.276393e+03  27.00
  88.72 -1.413000e-06 4.276663e+03  27.00
  88.67 -1.413000e-06 4.276934e+03  27.00
  88.67 -1.416000e-06 4.277204e+03  27.00
  88.61 -1.416000e-06 4.277474e+03  27.00
  88.61 -1.417000e-06 4.277745e+03  27.00
  88.56 -1.418000e-06 4.278016e+03  27.00
  88.56 -1.420000e-06 4.278287e+03  27.00
  88.51 -1.422000e-06 4.278557e+03  27.00
  88.51 -1.422000e-06 4.278827e+03  27.00
  88.47 -1.423000e-06 4.279097e+03  27.00
  88.47 -1.423000e-06 4.279368e+03  27.00
  88.42 -1.423000e-06 4.279638e+03  27.00
  88.42 -1.425000e-06 4.279909e+03  27.00
  88.35 -1.425000e-06 4.280179e+03  27.00
  88.35 -1.426000e-06 4.280450e+03  27.00
  88.30 -1.428000e-06 4.280720e+03  27.00
  88.30 -1.428000e-06 4.280990e+03  27.00
  88.26 -1.428000e-06 4.281261e+03  27.00
  88.26 -1.430000e-06 4.281531e+03  27.00
  88.21 -1.430000e-06 4.281802e+03  27.00
  88.21 -1.431000e-06 4.282072e+03  27.00
  88.17 -1.432000e-06 4.282342e+03  27.00
  88.17 -1.432000e-06 4.282612e+03  27.00
  88.12 -1.432000e-06 4.282883e+03  27.00
  88.12 -1.435000e-06 4.283155e+03  27.00
  88.07 -1.435000e-06 4.283424e+03  27.00
  88.07 -1.437000e-06 4.283695e+03  27.00
  88.03 -1.436000e-06 4.283965e+03  27.00
  88.03 -1.437000e-06 4.284236e+03  27.00
  87.98 -1.438000e-06 4.284506e+03  27.00
  87.98 -1.441000e-06 4.284776e+03  27.00
  87.91 -1.441000e-06 4.285047e+03  27.00
  87.91 -1.441000e-06 4.285317e+03  27.00
  87.87 -1.441000e-06 4.285587e+03  27.00
  87.87 -1.441000e-06 4.285858e+03  27.00
  87.82 -1.442000e-06 4.286128e+03  27.00
  87.77 -1.442000e-06 4.286399e+03  27.00
  87.77 -1.442000e-06 4.286669e+03  27.00
  87.73 -1.442000e-06 4.286939e+03  27.00
  87.73 -1.443000e-06 4.287210e+03  27.00
  87.68 -1.445000e-06 4.287480e+03  27.00
  87.68 -1.448000e-06 4.287751e+03  27.00
  87.64 -1.448000e-06 4.288021e+03  27.00
  87.64 -1.450000e-06 4.288293e+03  27.00
  87.59 -1.451000e-06 4.288562e+03  27.00
  87.59 -1.451000e-06 4.288833e+03  27.00
  87.54 -1.451000e-06 4.289103e+03  27.00
  87.54 -1.453000e-06 4.289373e+03  27.00
  87.50 -1.455000e-06 4.289644e+03  27.00
  87.50 -1.456000e-06 4.289914e+03  27.00
  87.45 -1.456000e-06 4.290185e+03  27.00
  87.45 -1.456000e-06 4.290455e+03  27.00
  87.40 -1.456000e-06 4.290725e+03  27.00
  87.40 -1.456000e-06 4.290996e+03  27.00
  87.33 -1.457000e-06 4.291266e+03  27.00
  87.33 -1.457000e-06 4.291537e+03  27.00
  87.29 -1.461000e-06 4.291807e+03  27.00
  87.29 -1.462000e-06 4.292078e+03  27.00
  87.24 -1.463000e-06 4.292348e+03  27.00
  87.24 -1.466000e-06 4.292618e+03  27.00
  87.20 -1.466000e-06 4.292889e+03  27.00
  87.20 -1.467000e-06 4.293159e+03  27.00
  87.15 -1.467000e-06 4.293430e+03  27.00
  87.15 -1.467000e-06 4.293700e+03  27.00
  87.10 -1.467000e-06 4.293971e+03  27.00
  87.10 -1.468000e-06 4.294241e+03  27.00
  87.06 -1.470000e-06 4.294511e+03  27.00
  87.06 -1.472000e-06 4.294782e+03  27.00
  86.99 -1.473000e-06 4.295052e+03  27.00
  86.99 -1.475000e-06 4.295323e+03  27.00
  86.94 -1.476000e-06 4.295593e+03  27.00
  86.94 -1.476000e-06 4.295864e+03  27.00
  86.90 -1.476000e-06 4.296135e+03  27.00
  86.90 -1.478000e-06 4.296404e+03  27.00
  86.85 -1.478000e-06 4.296675e+03  27.00
  86.85 -1.480000e-06 4.296945e+03  27.00
  86.80 -1.480000e-06 4.297216e+03  27.00
  86.80 -1.480000e-06 4.297486e+03  27.00
  86.76 -1.480000e-06 4.297756e+03  27.00
  86.76 -1.481000e-06 4.298027e+03  27.00
  86.69 -1.482000e-06 4.298298e+03  27.00
  86.69 -1.482000e-06 4.298568e+03  27.00
  86.64 -1.486000e-06 4.298838e+03  27.00
  86.64 -1.487000e-06 4.299108e+03  27.00
  86.60 -1.486000e-06 4.299379e+03  27.00
  86.60 -1.487000e-06 4.299649e+03  27.00
  86.55 -1.487000e-06 4.299920e+03  27.00
  86.55 -1.488000e-06 4.300190e+03  27.00
  86.50 -1.491000e-06 4.300461e+03  27.00
  86.50 -1.493000e-06 4.300731e+03  27.00
  86.46 -1.493000e-06 4.301002e+03  27.00
  86.46 -1.495000e-06 4.301272e+03  27.00
  86.39 -1.497000e-06 4.301543e+03  27.00
  86.39 -1.497000e-06 4.301813e+03  27.00
  86.34 -1.497000e-06 4.302083e+03  27.00
  86.34 -1.498000e-06 4.302354e+03  27.00
  86.30 -1.500000e-06 4.302624e+03  27.00
  86.30 -1.500000e-06 4.302895e+03  27.00
  86.25 -1.501000e-06 4.303165e+03  27.00
  86.25 -1.503000e-06 4.303435e+03  27.00
  86.20 -1.505000e-06 4.303706e+03  27.00
  86.20 -1.506000e-06 4.303976e+03  27.00
  86.16 -1.506000e-06 4.304246e+03  27.00
  86.16 -1.507000e-06 4.304517e+03  27.00
  86.09 -1.510000e-06 4.304789e+03  27.00
  86.09 -1.511000e-06 4.305058e+03  27.00
  86.04 -1.512000e-06 4.305328e+03  27.00
  86.04 -1.512000e-06 4.305599e+03  27.00
  86.00 -1.513000e-06 4.305869e+03  27.00
  86.00 -1.513000e-06 4.306139e+03  27.00
  85.95 -1.513000e-06 4.306410e+03  27.00
  85.95 -1.516000e-06 4.306681e+03  27.00
  85.90 -1.517000e-06 4.306951e+03  27.00
  85.86 -1.518000e-06 4.307222e+03  27.00
  85.86 -1.518000e-06 4.307492e+03  27.00
  85.81 -1.520000e-06 4.307762e+03  27.00
  85.81 -1.522000e-06 4.308032e+03  27.00
  85.76 -1.522000e-06 4.308304e+03  27.00
  85.76 -1.523000e-06 4.308573e+03  27.00
  85.72 -1.525000e-06 4.308844e+03  27.00
  85.72 -1.526000e-06 4.309114e+03  27.00
  85.67 -1.528000e-06 4.309385e+03  27.00
  85.67 -1.530000e-06 4.309655e+03  27.00
  85.63 -1.531000e-06 4.309925e+03  27.00
  85.63 -1.531000e-06 4.310196e+03  27.00
  85.58 -1.531000e-06 4.310466e+03  27.00
  85.58 -1.531000e-06 4.310737e+03  27.00
  85.51 -1.531000e-06 4.311008e+03  27.00
  85.51 -1.531000e-06 4.311278e+03  27.00
  85.46 -1.530000e-06 4.311548e+03  27.00
  85.46 -1.530000e-06 4.311819e+03  27.00
  85.42 -1.531000e-06 4.312089e+03  27.00
  85.42 -1.532000e-06 4.312359e+03  27.00
  85.37 -1.532000e-06 4.312630e+03  27.00
  85.37 -1.536000e-06 4.312900e+03  27.00
  85.33 -1.537000e-06 4.313171e+03  27.00
  85.33 -1.538000e-06 4.313441e+03  27.00
  85.28 -1.542000e-06 4.313712e+03  27.00
  85.28 -1.543000e-06 4.313982e+03  27.00
  85.23 -1.545000e-06 4.314252e+03  27.00
  85.23 -1.547000e-06 4.314523e+03  27.00
  85.19 -1.547000e-06 4.314794e+03  27.00
  85.19 -1.548000e-06 4.315064e+03  27.00
  85.14 -1.548000e-06 4.315334e+03  27.00
  85.14 -1.550000e-06 4.315604e+03  27.00
  85.09 -1.550000e-06 4.315875e+03  27.00
  85.09 -1.550000e-06 4.316145e+03  27.00
  85.05 -1.551000e-06 4.316416e+03  27.00
  85.05 -1.555000e-06 4.316686e+03  27.00
  85.00 -1.556000e-06 4.316957e+03  27.00
  85.00 -1.556000e-06 4.317227e+03  27.00
  84.96 -1.557000e-06 4.317497e+03  27.00
  84.96 -1.557000e-06 4.317768e+03  27.00
  84.91 -1.557000e-06 4.318038e+03  27.00
  84.91 -1.560000e-06 4.318309e+03  27.00
  84.86 -1.561000e-06 4.318579e+03  27.00
  84.86 -1.562000e-06 4.318850e+03  27.00
  84.82 -1.563000e-06 4.319120e+03  27.00
  84.82 -1.567000e-06 4.319390e+03  27.00
  84.77 -1.567000e-06 4.319661e+03  27.00
  84.77 -1.568000e-06 4.319931e+03  27.00
  84.73 -1.568000e-06 4.320202e+03  27.00
  84.73 -1.570000e-06 4.320472e+03  27.00
  84.68 -1.570000e-06 4.320742e+03  27.00
  84.68 -1.570000e-06 4.321013e+03  27.00
  84.63 -1.572000e-06 4.321283e+03  27.00
  84.63 -1.572000e-06 4.321554e+03  27.00
  84.59 -1.573000e-06 4.321824e+03  27.00
  84.59 -1.575000e-06 4.322095e+03  27.00
  84.54 -1.578000e-06 4.322365e+03  27.00
  84.54 -1.581000e-06 4.322636e+03  27.00
  84.49 -1.582000e-06 4.322906e+03  27.00
  84.49 -1.582000e-06 4.323177e+03  27.00
  84.45 -1.586000e-06 4.323447e+03  27.00
  84.45 -1.587000e-06 4.323717e+03  27.00
  84.40 -1.588000e-06 4.323988e+03  27.00
  84.40 -1.588000e-06 4.324258e+03  27.00
  84.36 -1.592000e-06 4.324529e+03  27.00
  84.36 -1.592000e-06 4.324800e+03  27.00
  84.31 -1.592000e-06 4.325070e+03  27.00
  84.31 -1.592000e-06 4.325340e+03  27.00
  84.26 -1.593000e-06 4.325610e+03  27.00
  84.26 -1.595000e-06 4.325881e+03  27.00
  84.22 -1.595000e-06 4.326151e+03  27.00
  84.22 -1.595000e-06 4.326423e+03  27.00
  84.17 -1.595000e-06 4.326692e+03  27.00
  84.17 -1.597000e-06 4.326962e+03  27.00
  84.12 -1.598000e-06 4.327233e+03  27.00
  84.12 -1.600000e-06 4.327503e+03  27.00
  84.08 -1.600000e-06 4.327774e+03  27.00
  84.03 -1.602000e-06 4.328044e+03  27.00
  84.03 -1.603000e-06 4.328314e+03  27.00
  83.99 -1.603000e-06 4.328585e+03  27.00
  83.99 -1.605000e-06 4.328855e+03  27.00
  83.94 -1.605000e-06 4.329126e+03  27.00
  83.94 -1.606000e-06 4.329397e+03  27.00
  83.89 -1.606000e-06 4.329667e+03  27.00
  83.89 -1.611000e-06 4.329937e+03  27.00
  83.85 -1.612000e-06 4.330207e+03  27.00
  83.85 -1.615000e-06 4.330478e+03  27.00
  83.80 -1.616000e-06 4.330749e+03  27.00
  83.80 -1.617000e-06 4.331019e+03  27.00
  83.76 -1.617000e-06 4.331290e+03  27.00
  83.76 -1.618000e-06 4.331559e+03  27.00
  83.71 -1.618000e-06 4.331830e+03  27.00
  83.71 -1.621000e-06 4.332100e+03  27.00
  83.66 -1.622000e-06 4.332371e+03  27.00
  83.66 -1.622000e-06 4.332641e+03  27.00
  83.62 -1.623000e-06 4.332912e+03  27.00
  83.62 -1.623000e-06 4.333182e+03  27.00
  83.57 -1.625000e-06 4.333452e+03  27.00
  83.57 -1.627000e-06 4.333723e+03  27.00
  83.52 -1.630000e-06 4.333993e+03  27.00
  83.52 -1.630000e-06 4.334264e+03  27.00
  83.48 -1.631000e-06 4.334534e+03  27.00
  83.48 -1.631000e-06 4.334806e+03  27.00
  83.43 -1.633000e-06 4.335076e+03  27.00
  83.43 -1.636000e-06 4.335346e+03  27.00
  83.39 -1.637000e-06 4.335616e+03  27.00
  83.39 -1.637000e-06 4.335886e+03  27.00
  83.34 -1.640000e-06 4.336157e+03  27.00
  83.34 -1.640000e-06 4.336427e+03  27.00
  83.29 -1.640000e-06 4.336697e+03  27.00
  83.29 -1.641000e-06 4.336968e+03  27.00
  83.25 -1.641000e-06 4.337238e+03  27.00
  83.25 -1.642000e-06 4.337509e+03  27.00
  83.20 -1.642000e-06 4.337779e+03  27.00
  83.20 -1.643000e-06 4.338050e+03  27.00
  83.15 -1.647000e-06 4.338320e+03  27.00
  83.15 -1.650000e-06 4.338590e+03  27.00
  83.11 -1.653000e-06 4.338861e+03  27.00
  83.11 -1.656000e-06 4.339131e+03  27.00
  83.04 -1.658000e-06 4.339403e+03  27.00
  83.04 -1.660000e-06 4.339672e+03  27.00
  82.99 -1.661000e-06 4.339943e+03  27.00
  82.99 -1.661000e-06 4.340213e+03  27.00
  82.95 -1.661000e-06 4.340484e+03  27.00
  82.95 -1.662000e-06 4.340754e+03  27.00
  82.90 -1.665000e-06 4.341025e+03  27.00
  82.90 -1.666000e-06 4.341296e+03  27.00
  82.86 -1.668000e-06 4.341566e+03  27.00
  82.86 -1.671000e-06 4.341836e+03  27.00
  82.81 -1.672000e-06 4.342106e+03  27.00
  82.81 -1.673000e-06 4.342377e+03  27.00
  82.76 -1.672000e-06 4.342647e+03  27.00
  82.76 -1.673000e-06 4.342917e+03  27.00
  82.72 -1.673000e-06 4.343188e+03  27.00
  82.72 -1.675000e-06 4.343458e+03  27.00
  82.67 -1.675000e-06 4.343730e+03  27.00
  82.67 -1.678000e-06 4.343999e+03  27.00
  82.60 -1.681000e-06 4.344269e+03  27.00
  82.60 -1.685000e-06 4.344540e+03  27.00
  82.56 -1.686000e-06 4.344811e+03  27.00
  82.56 -1.686000e-06 4.345081e+03  27.00
  82.51 -1.687000e-06 4.345351e+03  27.00
  82.51 -1.690000e-06 4.345622e+03  27.00
  82.47 -1.691000e-06 4.345892e+03  27.00
  82.47 -1.692000e-06 4.346163e+03  27.00
  82.42 -1.692000e-06 4.346433e+03  27.00
  82.42 -1.693000e-06 4.346703e+03  27.00
  82.37 -1.696000e-06 4.346974e+03  27.00
  82.37 -1.698000e-06 4.347244e+03  27.00
  82.30 -1.702000e-06 4.347514e+03  27.00
  82.30 -1.705000e-06 4.347785e+03  27.00
  82.26 -1.706000e-06 4.348055e+03  27.00
  82.26 -1.710000e-06 4.348326e+03  27.00
  82.21 -1.711000e-06 4.348596e+03  27.00
  82.17 -1.712000e-06 4.348867e+03  27.00
  82.17 -1.715000e-06 4.349137e+03  27.00
  82.12 -1.716000e-06 4.349408e+03  27.00
  82.12 -1.718000e-06 4.349678e+03  27.00
  82.05 -1.722000e-06 4.349948e+03  27.00
  82.05 -1.725000e-06 4.350219e+03  27.00
  82.01 -1.727000e-06 4.350489e+03  27.00
  82.01 -1.728000e-06 4.350760e+03  27.00
  81.96 -1.728000e-06 4.351030e+03  27.00
  81.96 -1.731000e-06 4.351302e+03  27.00
  81.91 -1.731000e-06 4.351571e+03  27.00
  81.91 -1.735000e-06 4.351841e+03  27.00
  81.84 -1.736000e-06 4.352112e+03  27.00
  81.84 -1.736000e-06 4.352383e+03  27.00
  81.80 -1.737000e-06 4.352653e+03  27.00
  81.80 -1.737000e-06 4.352923e+03  27.00
  81.75 -1.741000e-06 4.353194e+03  27.00
  81.75 -1.743000e-06 4.353464e+03  27.00
  81.71 -1.748000e-06 4.353735e+03  27.00
  81.71 -1.750000e-06 4.354005e+03  27.00
  81.64 -1.750000e-06 4.354276e+03  27.00
  81.64 -1.750000e-06 4.354546e+03  27.00
  81.59 -1.750000e-06 4.354816e+03  27.00
  81.59 -1.752000e-06 4.355087e+03  27.00
  81.55 -1.753000e-06 4.355357e+03  27.00
  81.55 -1.753000e-06 4.355627e+03  27.00
  81.48 -1.756000e-06 4.355898e+03  27.00
  81.48 -1.758000e-06 4.356168e+03  27.00
  81.43 -1.760000e-06 4.356438e+03  27.00
  81.43 -1.761000e-06 4.356709e+03  27.00
  81.38 -1.765000e-06 4.356980e+03  27.00
  81.38 -1.765000e-06 4.357250e+03  27.00
  81.34 -1.766000e-06 4.357520e+03  27.00
  81.34 -1.768000e-06 4.357792e+03  27.00
  81.27 -1.772000e-06 4.358062e+03  27.00
  81.27 -1.773000e-06 4.358331e+03  27.00
  81.22 -1.775000e-06 4.358602e+03  27.00
  81.22 -1.775000e-06 4.358873e+03  27.00
  81.18 -1.777000e-06 4.359143e+03  27.00
  81.18 -1.778000e-06 4.359413e+03  27.00
  81.13 -1.778000e-06 4.359684e+03  27.00
  81.13 -1.780000e-06 4.359954e+03  27.00
  81.06 -1.781000e-06 4.360225e+03  27.00
  81.06 -1.785000e-06 4.360495e+03  27.00
  81.02 -1.785000e-06 4.360765e+03  27.00
  81.02 -1.787000e-06 4.361037e+03  27.00
  80.97 -1.791000e-06 4.361307e+03  27.00
  80.97 -1.793000e-06 4.361577e+03  27.00
  80.93 -1.796000e-06 4.361847e+03  27.00
  80.93 -1.798000e-06 4.362117e+03  27.00
  80.88 -1.800000e-06 4.362388e+03  27.00
  80.88 -1.800000e-06 4.362658e+03  27.00
  80.83 -1.803000e-06 4.362929e+03  27.00
  80.83 -1.803000e-06 4.363199e+03  27.00
  80.79 -1.805000e-06 4.363469e+03  27.00
  80.79 -1.806000e-06 4.363740e+03  27.00
  80.72 -1.808000e-06 4.364010e+03  27.00
  80.72 -1.811000e-06 4.364281e+03  27.00
  80.67 -1.811000e-06 4.364551e+03  27.00
  80.67 -1.812000e-06 4.364822e+03  27.00
  80.63 -1.812000e-06 4.365092e+03  27.00
  80.63 -1.815000e-06 4.365363e+03  27.00
  80.58 -1.812000e-06 4.365633e+03  27.00
  80.58 -1.815000e-06 4.365904e+03  27.00
  80.56 -1.817000e-06 4.366174e+03  27.00
  80.56 -1.818000e-06 4.366444e+03  27.00
  80.51 -1.821000e-06 4.366715e+03  27.00
  80.51 -1.823000e-06 4.366985e+03  27.00
  80.47 -1.827000e-06 4.367256e+03  27.00
  80.47 -1.828000e-06 4.367526e+03  27.00
  80.42 -1.828000e-06 4.367798e+03  27.00
  80.42 -1.830000e-06 4.368067e+03  27.00
  80.37 -1.831000e-06 4.368338e+03  27.00
  80.37 -1.836000e-06 4.368608e+03  27.00
  80.33 -1.837000e-06 4.368878e+03  27.00
  80.28 -1.841000e-06 4.369149e+03  27.00
  80.28 -1.842000e-06 4.369419e+03  27.00
  80.24 -1.843000e-06 4.369691e+03  27.00
  80.24 -1.846000e-06 4.369960e+03  27.00
  80.21 -1.847000e-06 4.370230e+03  27.00
  80.21 -1.850000e-06 4.370501e+03  27.00
  80.17 -1.850000e-06 4.370771e+03  27.00
  80.17 -1.853000e-06 4.371042e+03  27.00
  80.12 -1.855000e-06 4.371312e+03  27.00
  80.12 -1.855000e-06 4.371583e+03  27.00
  80.10 -1.856000e-06 4.371853e+03  27.00
  80.10 -1.856000e-06 4.372124e+03  27.00
  80.05 -1.858000e-06 4.372394e+03  27.00
  80.05 -1.858000e-06 4.372664e+03  27.00
  80.01 -1.861000e-06 4.372935e+03  27.00
  80.01 -1.862000e-06 4.373205e+03  27.00
  79.98 -1.865000e-06 4.373475e+03  27.00
  79.98 -1.865000e-06 4.373746e+03  27.00
  79.94 -1.865000e-06 4.374016e+03  27.00
  79.94 -1.865000e-06 4.374287e+03  27.00
  79.91 -1.865000e-06 4.374557e+03  27.00
  79.91 -1.866000e-06 4.374828e+03  27.00
  79.87 -1.867000e-06 4.375098e+03  27.00
  79.87 -1.868000e-06 4.375368e+03  27.00
  79.84 -1.868000e-06 4.375639e+03  27.00
