 5.6000e-01,  0.000,297.040,   97.6,   1.0
 6.4000e-01,  0.000,297.040,   97.9,   1.0
 5.5000e-01,  0.000,297.040,   98.2,   1.0
 6.0000e-01,  0.000,297.040,   98.6,   1.0
 6.0000e-01,  0.000,297.040,   98.9,   1.0
 5.3000e-01,  0.000,297.040,   99.2,   1.0
 5.8000e-01,  0.000,297.040,   99.5,   1.0
 5.4000e-01,  0.000,297.040,   99.8,   1.0
 5.7000e-01,  0.000,297.040,  100.2,   1.0
 5.7000e-01,  0.000,297.040,  100.5,   1.0
 5.3000e-01,  0.000,297.040,  100.8,   1.0
 6.0000e-01,  0.000,297.060,  101.1,   1.0
 6.3000e-01,  0.000,297.040,  101.4,   1.0
 5.1000e-01,  0.000,297.040,  101.8,   1.0
 5.7000e-01,  0.000,297.060,  102.1,   1.0
 5.5000e-01,  0.000,297.060,  102.4,   1.0
 5.9000e-01,  0.000,297.040,  102.7,   1.0
 6.0000e-01,  0.000,297.060,  103.0,   1.0
 5.4000e-01,  0.000,297.060,  103.4,   1.0
 5.2000e-01,  0.000,297.060,  103.7,   1.0
 6.0000e-01,  0.000,297.060,  104.0,   1.0
 5.6000e-01,  0.000,297.060,  104.3,   1.0
 5.7000e-01,  0.000,297.060,  104.6,   1.0
 5.7000e-01,  0.000,297.060,  105.0,   1.0
 5.8000e-01,  0.000,297.060,  105.3,   1.0
 5.7000e-01,  0.000,297.060,  105.6,   1.0
 6.0000e-01,  0.000,297.060,  105.9,   1.0
 5.5000e-01,  0.000,297.060,  106.2,   1.0
 5.6000e-01,  0.000,297.060,  106.6,   1.0
 5.7000e-01,  0.000,297.060,  106.9,   1.0
 5.9000e-01,  0.000,297.060,  107.2,   1.0
 5.5000e-01,  0.000,297.060,  107.5,   1.0
 5.5000e-01,  0.000,297.060,  107.8,   1.0
 6.0000e-01,  0.000,297.060,  108.2,   1.0
 6.1000e-01,  0.000,297.060,  108.5,   1.0
 5.9000e-01,  0.000,297.060,  108.8,   1.0
 5.9000e-01,  0.000,297.060,  109.1,   1.0
 5.7000e-01,  0.000,297.060,  109.4,   1.0
 6.4000e-01,  0.000,297.060,  109.8,   1.0
 5.2000e-01,  0.000,297.060,  110.1,   1.0
 5.8000e-01,  0.000,297.060,  110.4,   1.0
 6.0000e-01,  0.000,297.060,  110.7,   1.0
 5.6000e-01,  0.000,297.060,  111.0,   1.0
 5.9000e-01,  0.000,297.060,  111.4,   1.0
 5.5000e-01,  0.000,297.060,  111.7,   1.0
 6.2000e-01,  0.000,297.060,  112.0,   1.0
 5.6000e-01,  0.000,297.090,  112.3,   1.0
 5.9000e-01,  0.000,297.060,  112.6,   1.0
 6.0000e-01,  0.000,297.060,  113.0,   1.0
 6.0000e-01,  0.000,297.090,  113.3,   1.0
 5.9000e-01,  0.000,297.090,  113.6,   1.0
 6.2000e-01,  0.000,297.090,  113.9,   1.0
 5.9000e-01,  0.000,297.090,  114.2,   1.0
 6.1000e-01,  0.000,297.090,  114.6,   1.0
 5.3000e-01,  0.000,297.090,  114.9,   1.0
 5.7000e-01,  0.000,297.090,  115.2,   1.0
 5.6000e-01,  0.000,297.090,  115.5,   1.0
 6.5000e-01,  0.000,297.090,  115.8,   1.0
 5.5000e-01,  0.000,297.090,  116.2,   1.0
 6.2000e-01,  0.000,297.090,  116.5,   1.0
 5.7000e-01,  0.000,297.090,  116.8,   1.0
 6.2557e+02,  0.000,297.090,  117.1,   1.0
 5.5000e-01,  0.000,297.090,  117.4,   1.0
 5.4000e-01,  0.000,297.090,  117.8,   1.0
 5.8000e-01,  0.000,297.090,  118.1,   1.0
 5.7000e-01,  0.000,297.090,  118.4,   1.0
 5.6000e-01,  0.000,297.090,  118.7,   1.0
 5.9000e-01,  0.000,297.090,  119.0,   1.0
 6.6000e-01,  0.000,297.090,  119.4,   1.0
 5.4000e-01,  0.000,297.090,  119.7,   1.0
 5.7000e-01,  0.000,297.090,  120.0,   1.0
 5.6000e-03,  0.000,297.090,  120.3, 100.0
 9.4000e-03,  0.000,297.090,  120.6, 100.0
 1.1200e-02,  0.000,297.090,  121.0, 100.0
 1.2000e-02,  0.000,297.090,  121.3, 100.0
 1.2100e-02,  0.000,297.090,  121.6, 100.0
 1.2000e-02,  0.000,297.090,  121.9, 100.0
 1.2200e-02,  0.000,297.090,  122.2, 100.0
 1.1900e-02,  0.000,297.090,  122.6, 100.0
 1.2200e-02,  0.000,297.090,  122.9, 100.0
 1.2100e-02,  0.000,297.090,  123.2, 100.0
 1.1900e-02,  0.000,297.110,  123.5, 100.0
 1.1400e-02,  0.000,297.110,  123.8, 100.0
 1.1300e-02,  0.000,297.110,  124.2, 100.0
 1.1700e-02,  0.000,297.110,  124.5, 100.0
 1.2100e-02,  0.000,297.110,  124.8, 100.0
 1.2300e-02,  0.000,297.110,  125.1, 100.0
 1.1700e-02,  0.000,297.110,  125.4, 100.0
 1.1400e-02,  0.000,297.110,  125.8, 100.0
 1.1700e-02,  0.000,297.110,  126.1, 100.0
 1.2300e-02,  0.000,297.110,  126.4, 100.0
 1.2000e-02,  0.000,297.110,  126.7, 100.0
 4.6500e-03,  0.000,297.110,  127.0,1000.0
 7.6200e-03,  0.000,297.110,  127.4,1000.0
 7.7900e-03,  0.000,297.110,  127.7,1000.0
 7.7500e-03,  0.000,297.110,  128.0,1000.0
 7.7300e-03,  0.000,297.110,  128.3,1000.0
 7.7200e-03,  0.000,297.110,  128.6,1000.0
 7.5700e-03,  0.000,297.110,  129.0,1000.0
 7.6100e-03,  0.000,297.110,  129.3,1000.0
 7.7300e-03,  0.000,297.110,  129.6,1000.0
 7.7400e-03,  0.000,297.110,  129.9,1000.0
 7.8100e-03,  0.000,297.110,  130.2,1000.0
 7.8500e-03,  0.000,297.110,  130.6,1000.0
 7.7400e-03,  0.000,297.110,  130.9,1000.0
 7.7500e-03,  0.000,297.110,  131.2,1000.0
 7.6900e-03,  0.000,297.110,  131.5,1000.0
 7.6400e-03,  0.000,297.110,  131.8,1000.0
 7.7800e-03,  0.000,297.110,  132.2,1000.0
 7.7700e-03,  0.000,297.110,  132.5,1000.0
 7.8300e-03,  0.000,297.110,  132.8,1000.0
 7.7400e-03,  0.000,297.110,  133.1,1000.0
 7.8200e-03,  0.000,297.110,  133.4,1000.0
 7.6600e-03,  0.000,297.110,  133.8,1000.0
 7.6700e-03,  0.000,297.110,  134.1,1000.0
 7.6900e-03,  0.000,297.110,  134.4,1000.0
 7.8300e-03,  0.000,297.110,  134.7,1000.0
 7.7800e-03,  0.000,297.110,  135.0,1000.0
 7.9500e-03,  0.000,297.110,  135.4,1000.0
 7.8600e-03,  0.000,297.110,  135.7,1000.0
 7.7800e-03,  0.000,297.110,  136.0,1000.0
 7.7200e-03,  0.000,297.110,  136.3,1000.0
 7.7300e-03,  0.000,297.140,  136.6,1000.0
 7.5700e-03,  0.000,297.140,  137.0,1000.0
 7.8000e-03,  0.000,297.140,  137.3,1000.0
 7.7800e-03,  0.000,297.140,  137.6,1000.0
 7.8300e-03,  0.000,297.140,  137.9,1000.0
 7.8100e-03,  0.000,297.140,  138.2,1000.0
 7.7800e-03,  0.000,297.140,  138.6,1000.0
 7.7000e-03,  0.000,297.140,  138.9,1000.0
 7.6800e-03,  0.000,297.140,  139.2,1000.0
 7.7100e-03,  0.000,297.140,  139.5,1000.0
 7.7600e-03,  0.000,297.140,  139.8,1000.0
 7.8100e-03,  0.000,297.140,  140.2,1000.0
 7.8000e-03,  0.000,297.140,  140.5,1000.0
 7.7900e-03,  0.000,297.140,  140.8,1000.0
 7.7900e-03,  0.000,297.140,  141.1,1000.0
 7.6800e-03,  0.000,297.140,  141.4,1000.0
 7.7000e-03,  0.000,297.140,  141.8,1000.0
 7.7700e-03,  0.000,297.140,  142.1,1000.0
 7.7100e-03,  0.000,297.140,  142.4,1000.0
 7.8000e-03,  0.000,297.140,  142.7,1000.0
 7.7600e-03,  0.000,297.140,  143.0,1000.0
 7.8400e-03,  0.000,297.140,  143.4,1000.0
 7.8100e-03,  0.000,297.140,  143.7,1000.0
 7.6900e-03,  0.000,297.140,  144.0,1000.0
 7.6600e-03,  0.000,297.140,  144.3,1000.0
 7.7300e-03,  0.000,297.140,  144.6,1000.0
 7.7400e-03,  0.000,297.140,  145.0,1000.0
 7.7500e-03,  0.000,297.140,  145.3,1000.0
 7.7700e-03,  0.000,297.140,  145.6,1000.0
 7.7700e-03,  0.000,297.140,  145.9,1000.0
 7.7500e-03,  0.000,297.170,  146.2,1000.0
 7.7000e-03,  0.000,297.170,  146.6,1000.0
 7.6600e-03,  0.000,297.170,  146.9,1000.0
 7.6500e-03,  0.000,297.170,  147.2,1000.0
 7.6900e-03,  0.000,297.140,  147.5,1000.0
 7.7100e-03,  0.000,297.170,  147.8,1000.0
 7.7700e-03,  0.000,297.170,  148.2,1000.0
 7.7600e-03,  0.000,297.170,  148.5,1000.0
 7.8400e-03,  0.000,297.170,  148.8,1000.0
 7.7600e-03,  0.000,297.170,  149.1,1000.0
 7.6900e-03,  0.000,297.170,  149.4,1000.0
 7.6800e-03,  0.000,297.170,  149.8,1000.0
 7.7700e-03,  0.000,297.170,  150.1,1000.0
 7.8200e-03,  0.000,297.170,  150.4,1000.0
 7.8000e-03,  0.000,297.170,  150.7,1000.0
 7.8300e-03,  0.000,297.170,  151.0,1000.0
 7.7700e-03,  0.000,297.170,  151.4,1000.0
 7.7000e-03,  0.000,297.170,  151.7,1000.0
 7.5800e-03,  0.015,297.170,  152.0,1000.0
 7.8800e-03,  0.041,297.170,  152.3,1000.0
 8.4000e-03,  0.067,297.170,  152.6,1000.0
 9.8000e-03,  0.093,297.170,  153.0,1000.0
 1.2630e-02,  0.119,297.170,  153.3,1000.0
 1.6210e-02,  0.145,297.170,  153.6,1000.0
 1.9910e-02,  0.170,297.170,  153.9,1000.0
 2.3550e-02,  0.196,297.170,  154.2,1000.0
 2.7710e-02,  0.222,297.170,  154.6,1000.0
 3.1770e-02,  0.248,297.170,  154.9,1000.0
 3.5950e-02,  0.274,297.170,  155.2,1000.0
 3.9960e-02,  0.300,297.170,  155.5,1000.0
 4.4190e-02,  0.326,297.170,  155.8,1000.0
 4.7960e-02,  0.352,297.170,  156.2,1000.0
 5.2050e-02,  0.378,297.170,  156.5,1000.0
 5.6180e-02,  0.404,297.170,  156.8,1000.0
 6.0630e-02,  0.429,297.170,  157.1,1000.0
 6.5020e-02,  0.455,297.170,  157.4,1000.0
 6.9200e-02,  0.481,297.170,  157.8,1000.0
 7.3240e-02,  0.507,297.170,  158.1,1000.0
 7.7290e-02,  0.533,297.170,  158.4,1000.0
 8.1460e-02,  0.559,297.170,  158.7,1000.0
 8.5830e-02,  0.585,297.190,  159.0,1000.0
 9.0320e-02,  0.611,297.190,  159.4,1000.0
 9.4610e-02,  0.637,297.190,  159.7,1000.0
 9.8970e-02,  0.663,297.190,  160.0,1000.0
 1.0302e-01,  0.688,297.190,  160.3,1000.0
 1.0727e-01,  0.714,297.190,  160.6,1000.0
 1.1140e-01,  0.740,297.190,  161.0,1000.0
 1.1586e-01,  0.766,297.190,  161.3,1000.0
 1.2027e-01,  0.792,297.190,  161.6,1000.0
 1.2465e-01,  0.818,297.190,  161.9,1000.0
 1.2890e-01,  0.844,297.190,  162.2,1000.0
 1.3310e-01,  0.870,297.190,  162.6,1000.0
 1.3725e-01,  0.896,297.190,  162.9,1000.0
 1.4148e-01,  0.922,297.190,  163.2,1000.0
 1.4601e-01,  0.947,297.190,  163.5,1000.0
 1.5039e-01,  0.973,297.190,  163.8,1000.0
 1.5465e-01,  0.999,297.190,  164.2,1000.0
 1.5898e-01,  1.025,297.190,  164.5,1000.0
 1.6297e-01,  1.051,297.190,  164.8,1000.0
 1.6732e-01,  1.077,297.190,  165.1,1000.0
 1.7167e-01,  1.103,297.190,  165.4,1000.0
 1.7615e-01,  1.129,297.190,  165.8,1000.0
 1.8052e-01,  1.155,297.190,  166.1,1000.0
 1.8485e-01,  1.181,297.190,  166.4,1000.0
 1.8894e-01,  1.206,297.190,  166.7,1000.0
 1.9301e-01,  1.232,297.190,  167.0,1000.0
 1.9726e-01,  1.258,297.190,  167.4,1000.0
 2.0167e-01,  1.284,297.190,  167.7,1000.0
 2.0637e-01,  1.310,297.190,  168.0,1000.0
 2.1058e-01,  1.336,297.190,  168.3,1000.0
 2.1483e-01,  1.362,297.190,  168.6,1000.0
 2.1887e-01,  1.388,297.190,  169.0,1000.0
 2.2304e-01,  1.414,297.190,  169.3,1000.0
 2.2722e-01,  1.440,297.190,  169.6,1000.0
 2.3168e-01,  1.465,297.190,  169.9,1000.0
 2.3595e-01,  1.491,297.190,  170.2,1000.0
 2.4055e-01,  1.517,297.190,  170.6,1000.0
 2.4451e-01,  1.545,297.190,  170.9,1000.0
 2.4861e-01,  1.571,297.190,  171.2,1000.0
 2.5258e-01,  1.597,297.220,  171.5,1000.0
 2.5687e-01,  1.623,297.220,  171.9,1000.0
 2.6087e-01,  1.649,297.220,  172.2,1000.0
 2.6551e-01,  1.675,297.220,  172.5,1000.0
 2.6960e-01,  1.701,297.220,  172.8,1000.0
 2.7418e-01,  1.727,297.220,  173.1,1000.0
 2.7802e-01,  1.753,297.220,  173.5,1000.0
 2.8215e-01,  1.779,297.220,  173.8,1000.0
 2.8589e-01,  1.805,297.220,  174.1,1000.0
 2.9029e-01,  1.831,297.220,  174.4,1000.0
 2.9451e-01,  1.857,297.220,  174.7,1000.0
 2.9890e-01,  1.882,297.220,  175.1,1000.0
 3.0301e-01,  1.908,297.220,  175.4,1000.0
 3.0710e-01,  1.934,297.220,  175.7,1000.0
 3.1075e-01,  1.960,297.220,  176.0,1000.0
 3.1478e-01,  1.986,297.220,  176.3,1000.0
 3.1874e-01,  2.012,297.220,  176.7,1000.0
 3.2320e-01,  2.038,297.220,  177.0,1000.0
 3.2736e-01,  2.064,297.220,  177.3,1000.0
 3.3177e-01,  2.090,297.220,  177.6,1000.0
 3.3535e-01,  2.116,297.220,  177.9,1000.0
 3.3928e-01,  2.142,297.220,  178.3,1000.0
 3.4299e-01,  2.168,297.220,  178.6,1000.0
 3.4729e-01,  2.194,297.220,  178.9,1000.0
 3.5153e-01,  2.220,297.220,  179.2,1000.0
 3.5570e-01,  2.245,297.220,  179.5,1000.0
 3.5954e-01,  2.272,297.220,  179.9,1000.0
 3.6365e-01,  2.298,297.220,  180.2,1000.0
 3.6708e-01,  2.324,297.220,  180.5,1000.0
 3.7133e-01,  2.349,297.220,  180.8,1000.0
 3.7506e-01,  2.375,297.220,  181.1,1000.0
 3.7940e-01,  2.402,297.220,  181.5,1000.0
 3.8336e-01,  2.428,297.220,  181.8,1000.0
 3.8739e-01,  2.453,297.220,  182.1,1000.0
 3.9099e-01,  2.479,297.220,  182.4,1000.0
 3.9486e-01,  2.505,297.220,  182.7,1000.0
 3.9854e-01,  2.531,297.240,  183.1,1000.0
 4.0303e-01,  2.557,297.240,  183.4,1000.0
 4.0707e-01,  2.583,297.240,  183.7,1000.0
 4.1122e-01,  2.609,297.240,  184.0,1000.0
 4.1470e-01,  2.635,297.240,  184.3,1000.0
 4.1848e-01,  2.661,297.240,  184.7,1000.0
 4.2215e-01,  2.687,297.240,  185.0,1000.0
 4.2612e-01,  2.713,297.240,  185.3,1000.0
 4.3009e-01,  2.739,297.240,  185.6,1000.0
 4.3459e-01,  2.765,297.240,  185.9,1000.0
 4.3837e-01,  2.791,297.240,  186.3,1000.0
 4.4228e-01,  2.817,297.240,  186.6,1000.0
 4.4545e-01,  2.843,297.240,  186.9,1000.0
 4.4935e-01,  2.869,297.240,  187.2,1000.0
 4.5329e-01,  2.895,297.240,  187.5,1000.0
 4.5750e-01,  2.921,297.240,  187.9,1000.0
 4.6149e-01,  2.947,297.240,  188.2,1000.0
 4.6567e-01,  2.973,297.240,  188.5,1000.0
 4.6904e-01,  2.999,297.240,  188.8,1000.0
 4.7288e-01,  3.025,297.240,  189.1,1000.0
 4.7612e-01,  3.051,297.240,  189.5,1000.0
 4.8040e-01,  3.077,297.240,  189.8,1000.0
 4.8433e-01,  3.102,297.240,  190.1,1000.0
 4.8853e-01,  3.128,297.240,  190.4,1000.0
 4.9213e-01,  3.154,297.240,  190.7,1000.0
 4.9612e-01,  3.180,297.240,  191.1,1000.0
 4.9966e-01,  3.206,297.240,  191.4,1000.0
 5.0313e-01,  3.232,297.240,  191.7,1000.0
 5.0697e-01,  3.258,297.240,  192.0,1000.0
 5.1123e-01,  3.284,297.240,  192.3,1000.0
 5.1528e-01,  3.310,297.240,  192.7,1000.0
 5.1914e-01,  3.336,297.240,  193.0,1000.0
 5.2254e-01,  3.363,297.240,  193.3,1000.0
 5.2633e-01,  3.388,297.240,  193.6,1000.0
 5.2996e-01,  3.414,297.240,  193.9,1000.0
 5.3399e-01,  3.440,297.270,  194.3,1000.0
 5.3771e-01,  3.467,297.270,  194.6,1000.0
 5.4178e-01,  3.492,297.240,  194.9,1000.0
 5.4556e-01,  3.518,297.240,  195.2,1000.0
 5.4917e-01,  3.544,297.270,  195.5,1000.0
 5.5268e-01,  3.570,297.270,  195.9,1000.0
 5.5683e-01,  3.596,297.270,  196.2,1000.0
 5.6044e-01,  3.622,297.270,  196.5,1000.0
 5.6458e-01,  3.648,297.270,  196.8,1000.0
 5.6807e-01,  3.674,297.270,  197.1,1000.0
 5.7191e-01,  3.700,297.270,  197.5,1000.0
 5.7546e-01,  3.726,297.270,  197.8,1000.0
 5.7946e-01,  3.752,297.270,  198.1,1000.0
 5.8295e-01,  3.778,297.270,  198.4,1000.0
 5.8722e-01,  3.804,297.270,  198.7,1000.0
 5.9105e-01,  3.830,297.270,  199.1,1000.0
 5.9473e-01,  3.856,297.270,  199.4,1000.0
 5.9821e-01,  3.882,297.270,  199.7,1000.0
 6.0181e-01,  3.908,297.270,  200.0,1000.0
 6.0576e-01,  3.934,297.270,  200.3,1000.0
 6.0951e-01,  3.960,297.270,  200.7,1000.0
 6.1334e-01,  3.986,297.270,  201.0,1000.0
 6.1745e-01,  4.012,297.270,  201.3,1000.0
 6.2101e-01,  4.038,297.270,  201.6,1000.0
 6.2430e-01,  4.064,297.270,  201.9,1000.0
 6.2811e-01,  4.090,297.270,  202.3,1000.0
 6.3143e-01,  4.116,297.270,  202.6,1000.0
 6.3568e-01,  4.141,297.270,  202.9,1000.0
 6.3945e-01,  4.167,297.270,  203.2,1000.0
 6.4345e-01,  4.193,297.270,  203.5,1000.0
 6.4716e-01,  4.219,297.270,  203.9,1000.0
 6.5059e-01,  4.245,297.270,  204.2,1000.0
 6.5393e-01,  4.271,297.270,  204.5,1000.0
 6.5743e-01,  4.298,297.270,  204.8,1000.0
 6.6126e-01,  4.324,297.270,  205.1,1000.0
 6.6570e-01,  4.349,297.270,  205.5,1000.0
 6.6928e-01,  4.376,297.270,  205.8,1000.0
 6.7331e-01,  4.402,297.270,  206.1,1000.0
 6.7652e-01,  4.428,297.270,  206.4,1000.0
 6.8031e-01,  4.454,297.290,  206.7,1000.0
 6.8380e-01,  4.481,297.290,  207.1,1000.0
 6.8755e-01,  4.506,297.290,  207.4,1000.0
 6.9158e-01,  4.532,297.290,  207.7,1000.0
 6.9546e-01,  4.558,297.290,  208.0,1000.0
 6.9895e-01,  4.584,297.290,  208.3,1000.0
 7.0279e-01,  4.610,297.290,  208.7,1000.0
 7.0617e-01,  4.636,297.290,  209.0,1000.0
 7.0994e-01,  4.662,297.290,  209.3,1000.0
 7.1339e-01,  4.688,297.290,  209.6,1000.0
 7.1723e-01,  4.714,297.290,  209.9,1000.0
 7.2120e-01,  4.740,297.290,  210.3,1000.0
 7.2485e-01,  4.766,297.290,  210.6,1000.0
 7.2812e-01,  4.792,297.290,  210.9,1000.0
 7.3199e-01,  4.818,297.290,  211.2,1000.0
 7.3559e-01,  4.844,297.290,  211.5,1000.0
 7.3958e-01,  4.870,297.290,  211.9,1000.0
 7.4328e-01,  4.896,297.290,  212.2,1000.0
 7.4691e-01,  4.922,297.290,  212.5,1000.0
 7.5044e-01,  4.948,297.290,  212.8,1000.0
 7.5411e-01,  4.974,297.290,  213.1,1000.0
 7.5722e-01,  5.000,297.290,  213.5,1000.0
 7.6149e-01,  5.025,297.290,  213.8,1000.0
 7.6492e-01,  5.052,297.290,  214.1,1000.0
 7.6930e-01,  5.078,297.290,  214.4,1000.0
 7.7260e-01,  5.104,297.290,  214.7,1000.0
 7.7619e-01,  5.130,297.290,  215.1,1000.0
 7.7939e-01,  5.156,297.290,  215.4,1000.0
 7.8296e-01,  5.182,297.320,  215.7,1000.0
 7.8614e-01,  5.208,297.320,  216.0,1000.0
 7.9055e-01,  5.234,297.290,  216.3,1000.0
 7.9456e-01,  5.260,297.290,  216.7,1000.0
 7.9840e-01,  5.286,297.290,  217.0,1000.0
 8.0127e-01,  5.312,297.320,  217.3,1000.0
 8.0477e-01,  5.338,297.320,  217.6,1000.0
 8.0837e-01,  5.364,297.290,  217.9,1000.0
 8.1261e-01,  5.390,297.320,  218.3,1000.0
 8.1586e-01,  5.417,297.320,  218.6,1000.0
 8.1923e-01,  5.442,297.320,  218.9,1000.0
 8.2345e-01,  5.468,297.320,  219.2,1000.0
 8.2715e-01,  5.494,297.320,  219.5,1000.0
 8.3031e-01,  5.520,297.320,  219.9,1000.0
 8.3364e-01,  5.546,297.320,  220.2,1000.0
 8.3706e-01,  5.572,297.320,  220.5,1000.0
 8.4152e-01,  5.598,297.320,  220.8,1000.0
 8.4493e-01,  5.624,297.320,  221.1,1000.0
 8.4834e-01,  5.650,297.320,  221.5,1000.0
 8.5197e-01,  5.676,297.320,  221.8,1000.0
 8.5572e-01,  5.702,297.320,  222.1,1000.0
 8.5910e-01,  5.728,297.320,  222.4,1000.0
 8.6269e-01,  5.754,297.320,  222.7,1000.0
 8.6628e-01,  5.780,297.320,  223.1,1000.0
 8.7059e-01,  5.806,297.320,  223.4,1000.0
 8.7347e-01,  5.832,297.320,  223.7,1000.0
 8.7676e-01,  5.858,297.320,  224.0,1000.0
 8.8078e-01,  5.884,297.320,  224.3,1000.0
 8.8442e-01,  5.910,297.320,  224.7,1000.0
 8.8812e-01,  5.937,297.320,  225.0,1000.0
 8.9157e-01,  5.962,297.320,  225.3,1000.0
 8.9497e-01,  5.988,297.320,  225.6,1000.0
 8.9871e-01,  6.014,297.320,  225.9,1000.0
 9.0205e-01,  6.040,297.320,  226.3,1000.0
 9.0568e-01,  6.066,297.320,  226.6,1000.0
 9.0938e-01,  6.092,297.320,  226.9,1000.0
 9.1315e-01,  6.118,297.320,  227.2,1000.0
 9.1624e-01,  6.144,297.320,  227.5,1000.0
 9.1990e-01,  6.170,297.340,  227.9,1000.0
 9.2322e-01,  6.197,297.340,  228.2,1000.0
 9.2689e-01,  6.223,297.340,  228.5,1000.0
 9.3076e-01,  6.249,297.340,  228.8,1000.0
 9.3412e-01,  6.275,297.340,  229.1,1000.0
 9.3790e-01,  6.301,297.340,  229.5,1000.0
 9.4206e-01,  6.327,297.340,  229.8,1000.0
 9.4481e-01,  6.353,297.340,  230.1,1000.0
 9.4811e-01,  6.379,297.340,  230.4,1000.0
 9.5144e-01,  6.405,297.340,  230.7,1000.0
 9.5568e-01,  6.431,297.340,  231.1,1000.0
 9.5940e-01,  6.458,297.340,  231.4,1000.0
 9.6315e-01,  6.483,297.340,  231.7,1000.0
 9.6648e-01,  6.509,297.340,  232.0,1000.0
 9.6981e-01,  6.535,297.340,  232.3,1000.0
 9.7318e-01,  6.562,297.340,  232.7,1000.0
 9.7632e-01,  6.587,297.340,  233.0,1000.0
 9.7966e-01,  6.614,297.340,  233.3,1000.0
 9.8370e-01,  6.640,297.340,  233.6,1000.0
 9.8721e-01,  6.666,297.340,  233.9,1000.0
 9.9082e-01,  6.692,297.340,  234.3,1000.0
 9.9412e-01,  6.718,297.340,  234.6,1000.0
 9.9790e-01,  6.744,297.340,  234.9,1000.0
 1.0012e+00,  6.770,297.340,  235.2,1000.0
 1.0046e+00,  6.796,297.340,  235.5,1000.0
 1.0084e+00,  6.822,297.340,  235.9,1000.0
 1.0119e+00,  6.848,297.340,  236.2,1000.0
 1.0157e+00,  6.875,297.340,  236.5,1000.0
 1.0183e+00,  6.900,297.340,  236.8,1000.0
 1.0218e+00,  6.927,297.340,  237.1,1000.0
 1.0256e+00,  6.953,297.340,  237.5,1000.0
 1.0294e+00,  6.979,297.340,  237.8,1000.0
 1.0329e+00,  7.005,297.340,  238.1,1000.0
 1.0360e+00,  7.030,297.340,  238.4,1000.0
 1.0392e+00,  7.056,297.340,  238.7,1000.0
 1.0428e+00,  7.083,297.340,  239.1,1000.0
 1.0464e+00,  7.108,297.340,  239.4,1000.0
 1.0503e+00,  7.135,297.340,  239.7,1000.0
 1.0540e+00,  7.161,297.340,  240.0,1000.0
 1.0578e+00,  7.187,297.370,  240.3,1000.0
 1.0601e+00,  7.213,297.370,  240.7,1000.0
 1.0637e+00,  7.239,297.370,  241.0,1000.0
 1.0671e+00,  7.265,297.370,  241.3,1000.0
 1.0707e+00,  7.291,297.370,  241.6,1000.0
 1.0740e+00,  7.317,297.370,  241.9,1000.0
 1.0780e+00,  7.343,297.370,  242.3,1000.0
 1.0816e+00,  7.369,297.370,  242.6,1000.0
 1.0846e+00,  7.396,297.370,  242.9,1000.0
 1.0874e+00,  7.421,297.370,  243.2,1000.0
 1.0910e+00,  7.448,297.370,  243.5,1000.0
 1.0946e+00,  7.474,297.370,  243.9,1000.0
 1.0987e+00,  7.500,297.370,  244.2,1000.0
 1.1019e+00,  7.525,297.370,  244.5,1000.0
 1.1055e+00,  7.552,297.370,  244.8,1000.0
 1.1084e+00,  7.578,297.370,  245.1,1000.0
 1.1120e+00,  7.604,297.370,  245.5,1000.0
 1.1150e+00,  7.629,297.370,  245.8,1000.0
 1.1185e+00,  7.655,297.370,  246.1,1000.0
 1.1221e+00,  7.681,297.370,  246.4,1000.0
 1.1260e+00,  7.708,297.370,  246.7,1000.0
 1.1288e+00,  7.733,297.370,  247.1,1000.0
 1.1327e+00,  7.759,297.370,  247.4,1000.0
 1.1358e+00,  7.786,297.370,  247.7,1000.0
 1.1391e+00,  7.811,297.370,  248.0,1000.0
 1.1428e+00,  7.837,297.370,  248.3,1000.0
 1.1459e+00,  7.863,297.370,  248.7,1000.0
 1.1494e+00,  7.889,297.370,  249.0,1000.0
 1.1528e+00,  7.915,297.370,  249.3,1000.0
 1.1560e+00,  7.941,297.370,  249.6,1000.0
 1.1595e+00,  7.967,297.370,  249.9,1000.0
 1.1629e+00,  7.994,297.370,  250.3,1000.0
 1.1665e+00,  8.019,297.370,  250.6,1000.0
 1.1703e+00,  8.045,297.370,  250.9,1000.0
 1.1732e+00,  8.072,297.370,  251.2,1000.0
 1.1765e+00,  8.098,297.390,  251.5,1000.0
 1.1799e+00,  8.124,297.390,  251.9,1000.0
 1.1831e+00,  8.150,297.390,  252.2,1000.0
 1.1864e+00,  8.176,297.390,  252.5,1000.0
 1.1907e+00,  8.202,297.390,  252.8,1000.0
 1.1935e+00,  8.228,297.390,  253.1,1000.0
 1.1968e+00,  8.254,297.390,  253.5,1000.0
 1.1994e+00,  8.280,297.390,  253.8,1000.0
 1.2029e+00,  8.306,297.390,  254.1,1000.0
 1.2063e+00,  8.332,297.390,  254.4,1000.0
 1.2102e+00,  8.358,297.390,  254.7,1000.0
 1.2132e+00,  8.384,297.390,  255.1,1000.0
 1.2173e+00,  8.410,297.390,  255.4,1000.0
 1.2203e+00,  8.436,297.390,  255.7,1000.0
 1.2232e+00,  8.462,297.390,  256.0,1000.0
 1.2262e+00,  8.488,297.390,  256.3,1000.0
 1.2303e+00,  8.514,297.390,  256.7,1000.0
 1.2331e+00,  8.540,297.390,  257.0,1000.0
 1.2368e+00,  8.566,297.390,  257.3,1000.0
 1.2399e+00,  8.592,297.390,  257.6,1000.0
 1.2433e+00,  8.617,297.390,  257.9,1000.0
 1.2466e+00,  8.644,297.390,  258.3,1000.0
 1.2498e+00,  8.670,297.390,  258.6,1000.0
 1.2527e+00,  8.695,297.390,  258.9,1000.0
 1.2560e+00,  8.721,297.390,  259.2,1000.0
 1.2598e+00,  8.747,297.390,  259.5,1000.0
 1.2634e+00,  8.773,297.390,  259.9,1000.0
 1.2662e+00,  8.799,297.390,  260.2,1000.0
 1.2697e+00,  8.825,297.390,  260.5,1000.0
 1.2730e+00,  8.851,297.390,  260.8,1000.0
 1.2761e+00,  8.877,297.390,  261.1,1000.0
 1.2793e+00,  8.903,297.390,  261.5,1000.0
 1.2825e+00,  8.929,297.390,  261.8,1000.0
 1.2863e+00,  8.955,297.390,  262.1,1000.0
 1.2896e+00,  8.981,297.390,  262.4,1000.0
 1.2923e+00,  9.007,297.390,  262.7,1000.0
 1.2955e+00,  9.033,297.390,  263.1,1000.0
 1.2988e+00,  9.058,297.390,  263.4,1000.0
 1.3020e+00,  9.084,297.420,  263.7,1000.0
 1.3053e+00,  9.110,297.420,  264.0,1000.0
 1.3079e+00,  9.136,297.390,  264.3,1000.0
 1.3121e+00,  9.162,297.390,  264.7,1000.0
 1.3155e+00,  9.188,297.390,  265.0,1000.0
 1.3183e+00,  9.214,297.390,  265.3,1000.0
 1.3219e+00,  9.240,297.390,  265.6,1000.0
 1.3257e+00,  9.266,297.420,  265.9,1000.0
 1.3288e+00,  9.292,297.420,  266.3,1000.0
 1.3312e+00,  9.318,297.420,  266.6,1000.0
 1.3336e+00,  9.344,297.420,  266.9,1000.0
 1.3377e+00,  9.370,297.420,  267.2,1000.0
 1.3406e+00,  9.396,297.420,  267.5,1000.0
 1.3449e+00,  9.421,297.420,  267.9,1000.0
 1.3481e+00,  9.447,297.420,  268.2,1000.0
 1.3514e+00,  9.473,297.420,  268.5,1000.0
 1.3542e+00,  9.500,297.420,  268.8,1000.0
 1.3569e+00,  9.525,297.420,  269.1,1000.0
 1.3595e+00,  9.551,297.420,  269.5,1000.0
 1.3634e+00,  9.577,297.420,  269.8,1000.0
 1.3671e+00,  9.603,297.420,  270.1,1000.0
 1.3705e+00,  9.629,297.420,  270.4,1000.0
 1.3734e+00,  9.655,297.420,  270.7,1000.0
 1.3765e+00,  9.681,297.420,  271.1,1000.0
 1.3796e+00,  9.707,297.420,  271.4,1000.0
 1.3824e+00,  9.733,297.420,  271.7,1000.0
 1.3851e+00,  9.759,297.420,  272.0,1000.0
 1.3896e+00,  9.785,297.420,  272.3,1000.0
 1.3925e+00,  9.811,297.420,  272.7,1000.0
 1.3955e+00,  9.837,297.420,  273.0,1000.0
 1.3987e+00,  9.863,297.420,  273.3,1000.0
 1.4023e+00,  9.889,297.420,  273.6,1000.0
 1.4048e+00,  9.915,297.420,  273.9,1000.0
 1.4082e+00,  9.941,297.420,  274.3,1000.0
 1.4114e+00,  9.967,297.420,  274.6,1000.0
 1.4147e+00,  9.993,297.420,  274.9,1000.0
 1.4178e+00, 10.019,297.420,  275.2,1000.0
 1.4207e+00, 10.045,297.420,  275.5,1000.0
 1.4239e+00, 10.071,297.420,  275.9,1000.0
 1.4272e+00, 10.097,297.420,  276.2,1000.0
 1.4306e+00, 10.123,297.420,  276.5,1000.0
 1.4334e+00, 10.149,297.420,  276.8,1000.0
 1.4371e+00, 10.175,297.420,  277.1,1000.0
 1.2061e+00, 10.201,297.420,  277.5,1000.0
 1.4432e+00, 10.227,297.420,  277.8,1000.0
 1.4458e+00, 10.253,297.440,  278.1,1000.0
 1.4492e+00, 10.279,297.440,  278.4,1000.0
 1.4528e+00, 10.305,297.420,  278.7,1000.0
 1.4560e+00, 10.331,297.420,  279.1,1000.0
 1.4587e+00, 10.358,297.440,  279.4,1000.0
 1.4610e+00, 10.384,297.440,  279.7,1000.0
 1.4644e+00, 10.410,297.440,  280.0,1000.0
 1.4680e+00, 10.436,297.440,  280.3,1000.0
 1.4713e+00, 10.462,297.440,  280.7,1000.0
 1.4748e+00, 10.488,297.440,  281.0,1000.0
 1.4778e+00, 10.514,297.440,  281.3,1000.0
 1.4814e+00, 10.540,297.440,  281.6,1000.0
 1.4834e+00, 10.566,297.440,  281.9,1000.0
 1.4864e+00, 10.592,297.440,  282.3,1000.0
 1.4895e+00, 10.618,297.440,  282.6,1000.0
 1.4933e+00, 10.644,297.440,  282.9,1000.0
 1.4961e+00, 10.670,297.440,  283.2,1000.0
 1.4996e+00, 10.696,297.440,  283.5,1000.0
 1.5022e+00, 10.722,297.440,  283.9,1000.0
 1.5049e+00, 10.748,297.440,  284.2,1000.0
 1.5082e+00, 10.774,297.440,  284.5,1000.0
 1.5110e+00, 10.800,297.440,  284.8,1000.0
 1.5137e+00, 10.826,297.440,  285.1,1000.0
 1.5176e+00, 10.852,297.440,  285.5,1000.0
 1.5208e+00, 10.878,297.440,  285.8,1000.0
 1.5239e+00, 10.904,297.440,  286.1,1000.0
 1.5266e+00, 10.930,297.440,  286.4,1000.0
 1.5300e+00, 10.956,297.440,  286.7,1000.0
 1.5325e+00, 10.982,297.440,  287.1,1000.0
 1.5356e+00, 11.008,297.440,  287.4,1000.0
 1.5386e+00, 11.034,297.440,  287.7,1000.0
 1.5424e+00, 11.060,297.440,  288.0,1000.0
 1.5449e+00, 11.085,297.440,  288.3,1000.0
 1.5474e+00, 11.111,297.440,  288.7,1000.0
 1.5509e+00, 11.137,297.440,  289.0,1000.0
 1.5551e+00, 11.163,297.440,  289.3,1000.0
 1.5580e+00, 11.189,297.440,  289.6,1000.0
 1.5601e+00, 11.215,297.440,  289.9,1000.0
 1.5621e+00, 11.241,297.440,  290.3,1000.0
 1.5662e+00, 11.267,297.440,  290.6,1000.0
 1.5689e+00, 11.293,297.440,  290.9,1000.0
 1.5716e+00, 11.319,297.440,  291.2,1000.0
 1.5749e+00, 11.345,297.440,  291.5,1000.0
 1.5779e+00, 11.371,297.440,  291.9,1000.0
 1.5811e+00, 11.397,297.440,  292.2,1000.0
 1.5832e+00, 11.423,297.440,  292.5,1000.0
 1.5868e+00, 11.449,297.440,  292.8,1000.0
 1.5905e+00, 11.475,297.440,  293.1,1000.0
 1.5929e+00, 11.501,297.440,  293.5,1000.0
 1.5958e+00, 11.527,297.440,  293.8,1000.0
 1.5997e+00, 11.552,297.440,  294.1,1000.0
 1.6024e+00, 11.578,297.440,  294.4,1000.0
 1.6049e+00, 11.604,297.470,  294.7,1000.0
 1.6069e+00, 11.631,297.470,  295.1,1000.0
 1.6107e+00, 11.656,297.440,  295.4,1000.0
 1.6137e+00, 11.682,297.470,  295.7,1000.0
 1.6172e+00, 11.708,297.470,  296.0,1000.0
 1.6199e+00, 11.735,297.470,  296.3,1000.0
 1.6232e+00, 11.760,297.470,  296.7,1000.0
 1.6259e+00, 11.787,297.470,  297.0,1000.0
 1.5509e+00, 11.813,297.470,  297.3,1000.0
 1.6310e+00, 11.838,297.470,  297.6,1000.0
 1.6339e+00, 11.865,297.470,  297.9,1000.0
 1.6379e+00, 11.891,297.470,  298.3,1000.0
 1.6409e+00, 11.917,297.470,  298.6,1000.0
 1.6437e+00, 11.942,297.470,  298.9,1000.0
 1.6464e+00, 11.968,297.470,  299.2,1000.0
 1.6490e+00, 11.994,297.470,  299.5,1000.0
 1.6515e+00, 12.020,297.470,  299.9,1000.0
 1.6546e+00, 12.046,297.470,  300.2,1000.0
 1.6575e+00, 12.072,297.470,  300.5,1000.0
 1.6611e+00, 12.098,297.470,  300.8,1000.0
 1.6642e+00, 12.124,297.470,  301.1,1000.0
 1.6659e+00, 12.150,297.470,  301.5,1000.0
 1.6686e+00, 12.176,297.470,  301.8,1000.0
 1.6718e+00, 12.202,297.470,  302.1,1000.0
 1.6750e+00, 12.228,297.470,  302.4,1000.0
 1.6778e+00, 12.254,297.470,  302.7,1000.0
 1.6801e+00, 12.280,297.470,  303.1,1000.0
 1.6836e+00, 12.306,297.470,  303.4,1000.0
 1.6858e+00, 12.332,297.470,  303.7,1000.0
 1.6890e+00, 12.358,297.470,  304.0,1000.0
 1.6922e+00, 12.384,297.470,  304.3,1000.0
 1.6963e+00, 12.410,297.470,  304.7,1000.0
 1.6975e+00, 12.436,297.470,  305.0,1000.0
 1.6998e+00, 12.462,297.470,  305.3,1000.0
 1.7027e+00, 12.488,297.470,  305.6,1000.0
 1.7062e+00, 12.514,297.470,  305.9,1000.0
 1.7083e+00, 12.540,297.470,  306.3,1000.0
 1.7117e+00, 12.566,297.470,  306.6,1000.0
 1.7151e+00, 12.592,297.470,  306.9,1000.0
 1.7180e+00, 12.618,297.470,  307.2,1000.0
 1.7208e+00, 12.644,297.470,  307.5,1000.0
 1.7224e+00, 12.670,297.470,  307.9,1000.0
 1.7252e+00, 12.696,297.470,  308.2,1000.0
 1.7283e+00, 12.722,297.470,  308.5,1000.0
 1.7319e+00, 12.748,297.470,  308.8,1000.0
 1.7342e+00, 12.774,297.470,  309.1,1000.0
 1.7374e+00, 12.800,297.470,  309.5,1000.0
 1.7405e+00, 12.826,297.470,  309.8,1000.0
 1.7420e+00, 12.852,297.470,  310.1,1000.0
 1.7442e+00, 12.878,297.470,  310.4,1000.0
 1.7470e+00, 12.904,297.500,  310.7,1000.0
 1.7511e+00, 12.930,297.500,  311.1,1000.0
 1.7535e+00, 12.956,297.500,  311.4,1000.0
 1.7566e+00, 12.982,297.500,  311.7,1000.0
 1.7597e+00, 13.008,297.500,  312.0,1000.0
 1.7623e+00, 13.034,297.500,  312.3,1000.0
 1.7646e+00, 13.060,297.500,  312.7,1000.0
 1.7667e+00, 13.086,297.500,  313.0,1000.0
 1.7697e+00, 13.112,297.500,  313.3,1000.0
 1.7730e+00, 13.138,297.500,  313.6,1000.0
 1.7763e+00, 13.164,297.500,  313.9,1000.0
 1.7782e+00, 13.190,297.500,  314.3,1000.0
 1.7815e+00, 13.216,297.500,  314.6,1000.0
 1.7842e+00, 13.242,297.500,  314.9,1000.0
 1.7859e+00, 13.268,297.500,  315.2,1000.0
 1.7888e+00, 13.293,297.500,  315.5,1000.0
 1.7912e+00, 13.320,297.500,  315.9,1000.0
 1.7945e+00, 13.346,297.500,  316.2,1000.0
 1.7973e+00, 13.371,297.500,  316.5,1000.0
 1.7994e+00, 13.398,297.500,  316.8,1000.0
 1.8028e+00, 13.424,297.500,  317.1,1000.0
 1.5714e+00, 13.450,297.500,  317.5,1000.0
 1.8084e+00, 13.475,297.500,  317.8,1000.0
 1.8108e+00, 13.503,297.500,  318.1,1000.0
 1.8131e+00, 13.528,297.500,  318.4,1000.0
 1.8156e+00, 13.554,297.500,  318.7,1000.0
 1.8184e+00, 13.579,297.500,  319.1,1000.0
 1.8205e+00, 13.605,297.500,  319.4,1000.0
 1.8242e+00, 13.631,297.500,  319.7,1000.0
 1.8269e+00, 13.657,297.500,  320.0,1000.0
 1.8294e+00, 13.683,297.500,  320.3,1000.0
 1.8308e+00, 13.709,297.500,  320.7,1000.0
 1.8330e+00, 13.735,297.500,  321.0,1000.0
 1.8364e+00, 13.761,297.500,  321.3,1000.0
 1.8398e+00, 13.787,297.500,  321.6,1000.0
 1.8425e+00, 13.813,297.500,  321.9,1000.0
 1.8451e+00, 13.838,297.500,  322.3,1000.0
 1.8479e+00, 13.864,297.500,  322.6,1000.0
 1.8504e+00, 13.890,297.500,  322.9,1000.0
 1.8514e+00, 13.916,297.500,  323.2,1000.0
 1.8547e+00, 13.942,297.500,  323.5,1000.0
 1.8580e+00, 13.968,297.500,  323.9,1000.0
 1.8606e+00, 13.994,297.500,  324.2,1000.0
 1.8637e+00, 14.020,297.500,  324.5,1000.0
 1.8657e+00, 14.046,297.500,  324.8,1000.0
 1.8689e+00, 14.072,297.500,  325.1,1000.0
 1.8701e+00, 14.098,297.500,  325.5,1000.0
 1.8729e+00, 14.124,297.520,  325.8,1000.0
 1.8752e+00, 14.150,297.500,  326.1,1000.0
 1.8787e+00, 14.176,297.500,  326.4,1000.0
 1.8803e+00, 14.202,297.520,  326.7,1000.0
 1.8824e+00, 14.228,297.520,  327.1,1000.0
 1.8860e+00, 14.254,297.520,  327.4,1000.0
 1.8889e+00, 14.280,297.520,  327.7,1000.0
 1.8905e+00, 14.305,297.520,  328.0,1000.0
 1.8925e+00, 14.331,297.520,  328.3,1000.0
 1.8953e+00, 14.357,297.520,  328.7,1000.0
 1.8982e+00, 14.383,297.520,  329.0,1000.0
 1.9005e+00, 14.409,297.520,  329.3,1000.0
 1.9029e+00, 14.435,297.520,  329.6,1000.0
 1.9062e+00, 14.461,297.520,  329.9,1000.0
 1.9085e+00, 14.487,297.520,  330.3,1000.0
 1.9110e+00, 14.513,297.520,  330.6,1000.0
 1.9132e+00, 14.539,297.520,  330.9,1000.0
 1.9152e+00, 14.565,297.520,  331.2,1000.0
 1.9178e+00, 14.591,297.520,  331.5,1000.0
 1.9208e+00, 14.617,297.520,  331.9,1000.0
 1.9232e+00, 14.643,297.520,  332.2,1000.0
 1.9257e+00, 14.669,297.520,  332.5,1000.0
 1.9289e+00, 14.695,297.520,  332.8,1000.0
 1.9306e+00, 14.721,297.520,  333.1,1000.0
 1.9318e+00, 14.747,297.520,  333.5,1000.0
 1.9332e+00, 14.773,297.520,  333.8,1000.0
 1.9369e+00, 14.799,297.520,  334.1,1000.0
 1.9397e+00, 14.825,297.520,  334.4,1000.0
 1.9426e+00, 14.851,297.520,  334.7,1000.0
 1.9449e+00, 14.877,297.520,  335.1,1000.0
 1.9478e+00, 14.903,297.520,  335.4,1000.0
 1.9492e+00, 14.929,297.520,  335.7,1000.0
 1.9515e+00, 14.954,297.520,  336.0,1000.0
 1.9537e+00, 14.980,297.520,  336.3,1000.0
 1.9557e+00, 15.006,297.520,  336.7,1000.0
 1.9595e+00, 15.032,297.520,  337.0,1000.0
 1.9617e+00, 15.058,297.520,  337.3,1000.0
 1.8859e+00, 15.084,297.520,  337.6,1000.0
 1.9667e+00, 15.110,297.520,  337.9,1000.0
 1.9687e+00, 15.136,297.520,  338.3,1000.0
 1.9704e+00, 15.162,297.520,  338.6,1000.0
 1.9732e+00, 15.188,297.520,  338.9,1000.0
 1.9755e+00, 15.214,297.520,  339.2,1000.0
 1.9784e+00, 15.240,297.520,  339.5,1000.0
 1.9801e+00, 15.266,297.520,  339.9,1000.0
 1.9822e+00, 15.292,297.520,  340.2,1000.0
 1.9855e+00, 15.318,297.520,  340.5,1000.0
 1.9879e+00, 15.344,297.520,  340.8,1000.0
 1.9898e+00, 15.370,297.520,  341.1,1000.0
 1.9917e+00, 15.396,297.520,  341.5,1000.0
 1.9944e+00, 15.422,297.520,  341.8,1000.0
 1.9960e+00, 15.448,297.550,  342.1,1000.0
 1.9982e+00, 15.474,297.550,  342.4,1000.0
 2.0011e+00, 15.499,297.520,  342.7,1000.0
 2.0035e+00, 15.526,297.520,  343.1,1000.0
 2.0054e+00, 15.552,297.520,  343.4,1000.0
 2.0078e+00, 15.578,297.520,  343.7,1000.0
 2.0099e+00, 15.603,297.520,  344.0,1000.0
 2.0118e+00, 15.629,297.550,  344.3,1000.0
 2.0153e+00, 15.655,297.550,  344.7,1000.0
 2.0171e+00, 15.681,297.550,  345.0,1000.0
 2.0191e+00, 15.707,297.550,  345.3,1000.0
 2.0218e+00, 15.733,297.550,  345.6,1000.0
 2.0236e+00, 15.760,297.550,  345.9,1000.0
 2.0253e+00, 15.786,297.550,  346.3,1000.0
 2.0278e+00, 15.812,297.550,  346.6,1000.0
 2.0296e+00, 15.838,297.550,  346.9,1000.0
 2.0321e+00, 15.864,297.550,  347.2,1000.0
 2.0345e+00, 15.889,297.550,  347.5,1000.0
 2.0375e+00, 15.916,297.550,  347.9,1000.0
 2.0396e+00, 15.942,297.550,  348.2,1000.0
 2.0420e+00, 15.968,297.550,  348.5,1000.0
 2.0429e+00, 15.994,297.550,  348.8,1000.0
 2.0450e+00, 16.020,297.550,  349.1,1000.0
 2.0470e+00, 16.046,297.550,  349.5,1000.0
 2.0499e+00, 16.072,297.550,  349.8,1000.0
 2.0524e+00, 16.098,297.550,  350.1,1000.0
 2.0545e+00, 16.124,297.550,  350.4,1000.0
 2.0564e+00, 16.150,297.550,  350.7,1000.0
 2.0591e+00, 16.176,297.550,  351.1,1000.0
 2.0612e+00, 16.202,297.550,  351.4,1000.0
 2.0630e+00, 16.228,297.550,  351.7,1000.0
 2.0648e+00, 16.254,297.550,  352.0,1000.0
 2.0673e+00, 16.280,297.550,  352.3,1000.0
 2.0695e+00, 16.306,297.550,  352.7,1000.0
 2.0717e+00, 16.332,297.550,  353.0,1000.0
 2.0742e+00, 16.358,297.550,  353.3,1000.0
 2.0759e+00, 16.384,297.550,  353.6,1000.0
 2.0779e+00, 16.410,297.550,  353.9,1000.0
 2.0785e+00, 16.436,297.550,  354.3,1000.0
 2.0823e+00, 16.462,297.550,  354.6,1000.0
 2.0837e+00, 16.487,297.550,  354.9,1000.0
 2.0858e+00, 16.513,297.550,  355.2,1000.0
 2.0878e+00, 16.539,297.550,  355.5,1000.0
 2.0906e+00, 16.566,297.550,  355.9,1000.0
 2.0924e+00, 16.591,297.550,  356.2,1000.0
 2.0937e+00, 16.617,297.550,  356.5,1000.0
 2.0948e+00, 16.643,297.550,  356.8,1000.0
 2.0975e+00, 16.669,297.550,  357.1,1000.0
 1.8663e+00, 16.695,297.550,  357.5,1000.0
 2.1032e+00, 16.721,297.550,  357.8,1000.0
 2.1033e+00, 16.747,297.550,  358.1,1000.0
 2.1063e+00, 16.773,297.550,  358.4,1000.0
 2.1091e+00, 16.799,297.550,  358.7,1000.0
 2.1102e+00, 16.825,297.550,  359.1,1000.0
 2.1114e+00, 16.851,297.550,  359.4,1000.0
 2.1134e+00, 16.877,297.550,  359.7,1000.0
 2.1165e+00, 16.903,297.550,  360.0,1000.0
 2.1187e+00, 16.929,297.570,  360.3,1000.0
 2.1204e+00, 16.954,297.570,  360.7,1000.0
 2.1223e+00, 16.980,297.570,  361.0,1000.0
 2.1248e+00, 17.006,297.570,  361.3,1000.0
 2.1260e+00, 17.032,297.570,  361.6,1000.0
 2.1278e+00, 17.058,297.570,  361.9,1000.0
 2.1289e+00, 17.084,297.570,  362.3,1000.0
 2.1323e+00, 17.110,297.570,  362.6,1000.0
 2.1345e+00, 17.136,297.570,  362.9,1000.0
 2.1354e+00, 17.162,297.570,  363.2,1000.0
 2.1378e+00, 17.188,297.570,  363.5,1000.0
 2.1398e+00, 17.213,297.570,  363.9,1000.0
 2.1417e+00, 17.239,297.570,  364.2,1000.0
 2.1434e+00, 17.265,297.570,  364.5,1000.0
 2.1442e+00, 17.291,297.570,  364.8,1000.0
 2.1477e+00, 17.317,297.570,  365.1,1000.0
 2.1494e+00, 17.343,297.570,  365.5,1000.0
 2.1509e+00, 17.369,297.570,  365.8,1000.0
 2.1520e+00, 17.395,297.570,  366.1,1000.0
 2.1549e+00, 17.421,297.570,  366.4,1000.0
 2.1572e+00, 17.447,297.570,  366.7,1000.0
 2.1583e+00, 17.472,297.570,  367.1,1000.0
 2.1604e+00, 17.498,297.570,  367.4,1000.0
 2.1620e+00, 17.524,297.570,  367.7,1000.0
 2.1647e+00, 17.550,297.570,  368.0,1000.0
 2.1658e+00, 17.576,297.570,  368.3,1000.0
 2.1691e+00, 17.602,297.570,  368.7,1000.0
 2.1701e+00, 17.628,297.570,  369.0,1000.0
 2.1721e+00, 17.654,297.570,  369.3,1000.0
 2.1736e+00, 17.680,297.570,  369.6,1000.0
 2.1745e+00, 17.706,297.570,  369.9,1000.0
 2.1764e+00, 17.732,297.570,  370.3,1000.0
 2.1791e+00, 17.758,297.570,  370.6,1000.0
 2.1799e+00, 17.784,297.570,  370.9,1000.0
 2.1830e+00, 17.810,297.570,  371.2,1000.0
 2.1851e+00, 17.835,297.570,  371.5,1000.0
 2.1873e+00, 17.862,297.570,  371.9,1000.0
 2.1877e+00, 17.888,297.570,  372.2,1000.0
 2.1887e+00, 17.913,297.570,  372.5,1000.0
 2.1919e+00, 17.939,297.570,  372.8,1000.0
 2.1942e+00, 17.965,297.570,  373.1,1000.0
 2.1954e+00, 17.991,297.570,  373.5,1000.0
 2.1973e+00, 18.017,297.570,  373.8,1000.0
 2.1997e+00, 18.043,297.570,  374.1,1000.0
 2.2017e+00, 18.069,297.570,  374.4,1000.0
 2.2016e+00, 18.095,297.570,  374.7,1000.0
 2.2045e+00, 18.121,297.570,  375.1,1000.0
 2.2064e+00, 18.147,297.570,  375.4,1000.0
 2.2084e+00, 18.173,297.600,  375.7,1000.0
 2.2104e+00, 18.199,297.600,  376.0,1000.0
 2.2113e+00, 18.225,297.570,  376.3,1000.0
 2.2135e+00, 18.251,297.570,  376.7,1000.0
 2.2159e+00, 18.277,297.600,  377.0,1000.0
 2.2169e+00, 18.304,297.600,  377.3,1000.0
 2.0615e+00, 18.329,297.600,  377.6,1000.0
 2.2205e+00, 18.355,297.570,  377.9,1000.0
 2.2222e+00, 18.381,297.570,  378.3,1000.0
 2.2245e+00, 18.407,297.600,  378.6,1000.0
 2.2256e+00, 18.433,297.600,  378.9,1000.0
 2.2281e+00, 18.459,297.600,  379.2,1000.0
 2.2284e+00, 18.486,297.600,  379.5,1000.0
 2.2308e+00, 18.512,297.600,  379.9,1000.0
 2.2322e+00, 18.538,297.600,  380.2,1000.0
 2.2344e+00, 18.564,297.600,  380.5,1000.0
 2.2354e+00, 18.590,297.600,  380.8,1000.0
 2.2372e+00, 18.616,297.600,  381.1,1000.0
 2.2399e+00, 18.642,297.600,  381.5,1000.0
 2.2422e+00, 18.668,297.600,  381.8,1000.0
 2.2433e+00, 18.694,297.600,  382.1,1000.0
 2.2436e+00, 18.720,297.600,  382.4,1000.0
 2.2457e+00, 18.746,297.600,  382.7,1000.0
 2.2477e+00, 18.772,297.600,  383.1,1000.0
 2.2499e+00, 18.798,297.600,  383.4,1000.0
 2.2513e+00, 18.824,297.600,  383.7,1000.0
 2.2532e+00, 18.850,297.600,  384.0,1000.0
 2.2549e+00, 18.876,297.600,  384.3,1000.0
 2.2566e+00, 18.902,297.600,  384.7,1000.0
 2.2572e+00, 18.928,297.600,  385.0,1000.0
 2.2584e+00, 18.954,297.600,  385.3,1000.0
 2.2615e+00, 18.980,297.600,  385.6,1000.0
 2.2646e+00, 19.006,297.600,  385.9,1000.0
 2.2664e+00, 19.032,297.600,  386.3,1000.0
 2.2675e+00, 19.058,297.600,  386.6,1000.0
 2.2707e+00, 19.084,297.600,  386.9,1000.0
 2.2714e+00, 19.110,297.600,  387.2,1000.0
 2.2724e+00, 19.136,297.600,  387.5,1000.0
 2.2736e+00, 19.162,297.600,  387.9,1000.0
 2.2758e+00, 19.188,297.600,  388.2,1000.0
 2.2779e+00, 19.215,297.600,  388.5,1000.0
 2.2796e+00, 19.240,297.600,  388.8,1000.0
 2.2801e+00, 19.266,297.600,  389.1,1000.0
 2.2822e+00, 19.293,297.600,  389.5,1000.0
 2.2839e+00, 19.319,297.600,  389.8,1000.0
 2.2854e+00, 19.344,297.600,  390.1,1000.0
 2.2864e+00, 19.371,297.600,  390.4,1000.0
 2.2890e+00, 19.397,297.600,  390.7,1000.0
 2.2913e+00, 19.422,297.600,  391.1,1000.0
 2.2926e+00, 19.448,297.600,  391.4,1000.0
 2.2934e+00, 19.474,297.600,  391.7,1000.0
 2.2960e+00, 19.501,297.600,  392.0,1000.0
 2.2974e+00, 19.526,297.600,  392.3,1000.0
 2.2973e+00, 19.552,297.600,  392.7,1000.0
 2.2988e+00, 19.579,297.600,  393.0,1000.0
 2.3008e+00, 19.605,297.600,  393.3,1000.0
 2.3037e+00, 19.630,297.600,  393.6,1000.0
 2.3040e+00, 19.656,297.620,  393.9,1000.0
 2.3061e+00, 19.682,297.620,  394.3,1000.0
 2.3079e+00, 19.708,297.620,  394.6,1000.0
 2.3096e+00, 19.734,297.600,  394.9,1000.0
 2.3108e+00, 19.760,297.600,  395.2,1000.0
 2.3107e+00, 19.786,297.600,  395.5,1000.0
 2.3135e+00, 19.812,297.600,  395.9,1000.0
 2.3149e+00, 19.838,297.620,  396.2,1000.0
 2.3160e+00, 19.864,297.620,  396.5,1000.0
 2.3185e+00, 19.889,297.620,  396.8,1000.0
 2.3188e+00, 19.915,297.620,  397.1,1000.0
 2.2435e+00, 19.941,297.620,  397.5,1000.0
 2.2435e+00, 19.967,297.620,  397.8,1000.0
 2.3232e+00, 19.993,297.620,  398.1,1000.0
 2.3243e+00, 20.019,297.620,  398.4,1000.0
 2.3258e+00, 20.045,297.620,  398.7,1000.0
 2.3279e+00, 20.071,297.620,  399.1,1000.0
 2.3293e+00, 20.097,297.620,  399.4,1000.0
 2.3314e+00, 20.123,297.620,  399.7,1000.0
 2.3318e+00, 20.149,297.620,  400.0,1000.0
 2.3327e+00, 20.175,297.620,  400.3,1000.0
 2.3344e+00, 20.201,297.620,  400.7,1000.0
 2.3371e+00, 20.227,297.620,  401.0,1000.0
 2.3386e+00, 20.252,297.620,  401.3,1000.0
 2.3406e+00, 20.278,297.620,  401.6,1000.0
 2.3426e+00, 20.304,297.620,  401.9,1000.0
 2.3425e+00, 20.330,297.620,  402.3,1000.0
 2.3437e+00, 20.356,297.620,  402.6,1000.0
 2.3443e+00, 20.382,297.620,  402.9,1000.0
 2.3463e+00, 20.408,297.620,  403.2,1000.0
 2.3491e+00, 20.435,297.620,  403.6,1000.0
 2.3504e+00, 20.460,297.620,  403.9,1000.0
 2.3516e+00, 20.486,297.620,  404.2,1000.0
 2.3524e+00, 20.512,297.620,  404.5,1000.0
 2.3538e+00, 20.538,297.620,  404.8,1000.0
 2.3546e+00, 20.564,297.620,  405.1,1000.0
 2.3559e+00, 20.590,297.620,  405.5,1000.0
 2.3586e+00, 20.616,297.620,  405.8,1000.0
 2.3607e+00, 20.642,297.620,  406.1,1000.0
 2.3615e+00, 20.668,297.620,  406.4,1000.0
 2.3626e+00, 20.694,297.620,  406.7,1000.0
 2.3652e+00, 20.719,297.620,  407.1,1000.0
 2.3659e+00, 20.745,297.620,  407.4,1000.0
 2.3665e+00, 20.772,297.620,  407.7,1000.0
 2.3681e+00, 20.797,297.620,  408.0,1000.0
 2.3696e+00, 20.823,297.620,  408.3,1000.0
 2.3715e+00, 20.849,297.620,  408.7,1000.0
 2.3720e+00, 20.875,297.620,  409.0,1000.0
 2.3734e+00, 20.901,297.620,  409.3,1000.0
 2.3758e+00, 20.927,297.620,  409.6,1000.0
 2.3771e+00, 20.953,297.620,  409.9,1000.0
 2.3772e+00, 20.979,297.620,  410.3,1000.0
 2.3784e+00, 21.005,297.650,  410.6,1000.0
 2.3809e+00, 21.031,297.650,  410.9,1000.0
 2.3820e+00, 21.056,297.650,  411.2,1000.0
 2.3829e+00, 21.082,297.650,  411.5,1000.0
 2.3850e+00, 21.108,297.650,  411.9,1000.0
 2.3869e+00, 21.134,297.650,  412.2,1000.0
 2.3883e+00, 21.160,297.620,  412.5,1000.0
 2.3882e+00, 21.186,297.620,  412.8,1000.0
 2.3894e+00, 21.212,297.650,  413.1,1000.0
 2.3918e+00, 21.238,297.650,  413.5,1000.0
 2.3934e+00, 21.264,297.650,  413.8,1000.0
 2.3942e+00, 21.290,297.650,  414.1,1000.0
 2.3964e+00, 21.316,297.650,  414.4,1000.0
 2.3983e+00, 21.342,297.650,  414.7,1000.0
 2.3987e+00, 21.368,297.650,  415.1,1000.0
 2.3996e+00, 21.394,297.650,  415.4,1000.0
 2.4001e+00, 21.420,297.650,  415.7,1000.0
 2.4028e+00, 21.446,297.650,  416.0,1000.0
 2.4039e+00, 21.472,297.650,  416.3,1000.0
 2.4043e+00, 21.498,297.650,  416.7,1000.0
 2.4046e+00, 21.524,297.650,  417.0,1000.0
 2.4066e+00, 21.550,297.650,  417.3,1000.0
 2.2511e+00, 21.576,297.650,  417.6,1000.0
 2.4077e+00, 21.602,297.650,  417.9,1000.0
 2.4080e+00, 21.628,297.650,  418.3,1000.0
 2.4103e+00, 21.654,297.650,  418.6,1000.0
 2.4106e+00, 21.681,297.650,  418.9,1000.0
 2.4108e+00, 21.707,297.650,  419.2,1000.0
 2.4108e+00, 21.733,297.650,  419.5,1000.0
 2.4125e+00, 21.759,297.650,  419.9,1000.0
 2.4124e+00, 21.785,297.650,  420.2,1000.0
 2.4128e+00, 21.811,297.650,  420.5,1000.0
 2.4130e+00, 21.837,297.650,  420.8,1000.0
 2.4141e+00, 21.863,297.650,  421.1,1000.0
 2.4156e+00, 21.889,297.650,  421.5,1000.0
 2.4153e+00, 21.915,297.650,  421.8,1000.0
 2.4151e+00, 21.941,297.650,  422.1,1000.0
 2.4167e+00, 21.967,297.650,  422.4,1000.0
 2.4163e+00, 21.993,297.650,  422.7,1000.0
 2.4155e+00, 22.019,297.650,  423.1,1000.0
 2.4167e+00, 22.045,297.650,  423.4,1000.0
 2.4174e+00, 22.071,297.650,  423.7,1000.0
 2.4172e+00, 22.097,297.650,  424.0,1000.0
 2.4165e+00, 22.123,297.650,  424.3,1000.0
 2.4169e+00, 22.150,297.650,  424.7,1000.0
 2.4190e+00, 22.175,297.650,  425.0,1000.0
 2.4194e+00, 22.201,297.650,  425.3,1000.0
 2.4197e+00, 22.227,297.650,  425.6,1000.0
 2.4212e+00, 22.253,297.650,  425.9,1000.0
 2.4215e+00, 22.279,297.650,  426.3,1000.0
 2.4210e+00, 22.305,297.650,  426.6,1000.0
 2.4212e+00, 22.331,297.650,  426.9,1000.0
 2.4216e+00, 22.356,297.650,  427.2,1000.0
 2.4217e+00, 22.383,297.650,  427.5,1000.0
 2.4221e+00, 22.409,297.650,  427.9,1000.0
 2.4208e+00, 22.434,297.670,  428.2,1000.0
 2.4202e+00, 22.460,297.670,  428.5,1000.0
 2.4217e+00, 22.486,297.670,  428.8,1000.0
 2.4217e+00, 22.512,297.650,  429.1,1000.0
 2.4216e+00, 22.538,297.650,  429.5,1000.0
 2.4213e+00, 22.564,297.670,  429.8,1000.0
 2.4225e+00, 22.590,297.670,  430.1,1000.0
 2.4220e+00, 22.616,297.670,  430.4,1000.0
 2.4204e+00, 22.642,297.670,  430.7,1000.0
 2.4207e+00, 22.668,297.670,  431.1,1000.0
 2.4214e+00, 22.694,297.670,  431.4,1000.0
 2.4223e+00, 22.720,297.670,  431.7,1000.0
 2.4220e+00, 22.746,297.670,  432.0,1000.0
 2.4229e+00, 22.772,297.670,  432.3,1000.0
 2.4234e+00, 22.798,297.670,  432.7,1000.0
 2.4235e+00, 22.824,297.670,  433.0,1000.0
 2.4219e+00, 22.850,297.670,  433.3,1000.0
 2.4226e+00, 22.876,297.670,  433.6,1000.0
 2.4231e+00, 22.902,297.670,  433.9,1000.0
 2.4220e+00, 22.928,297.670,  434.3,1000.0
 2.4225e+00, 22.954,297.670,  434.6,1000.0
 2.4226e+00, 22.980,297.670,  434.9,1000.0
 2.4231e+00, 23.005,297.670,  435.2,1000.0
 2.4226e+00, 23.031,297.670,  435.5,1000.0
 2.4219e+00, 23.057,297.670,  435.9,1000.0
 2.4224e+00, 23.085,297.670,  436.2,1000.0
 2.4221e+00, 23.109,297.670,  436.5,1000.0
 2.4226e+00, 23.135,297.670,  436.8,1000.0
 2.4224e+00, 23.161,297.670,  437.1,1000.0
 2.4219e+00, 23.187,297.670,  437.5,1000.0
 2.3442e+00, 23.213,297.670,  437.8,1000.0
 2.4219e+00, 23.239,297.670,  438.1,1000.0
 2.4214e+00, 23.265,297.670,  438.4,1000.0
 2.4205e+00, 23.291,297.670,  438.7,1000.0
 2.4212e+00, 23.317,297.670,  439.1,1000.0
 2.4206e+00, 23.343,297.670,  439.4,1000.0
 2.4214e+00, 23.369,297.670,  439.7,1000.0
 2.4213e+00, 23.395,297.670,  440.0,1000.0
 2.4219e+00, 23.421,297.670,  440.3,1000.0
 2.4226e+00, 23.447,297.670,  440.7,1000.0
 2.4210e+00, 23.473,297.670,  441.0,1000.0
 2.4207e+00, 23.499,297.670,  441.3,1000.0
 2.4214e+00, 23.525,297.670,  441.6,1000.0
 2.4217e+00, 23.550,297.670,  441.9,1000.0
 2.4215e+00, 23.576,297.670,  442.3,1000.0
 2.4215e+00, 23.602,297.670,  442.6,1000.0
 2.4226e+00, 23.628,297.670,  442.9,1000.0
 2.4230e+00, 23.654,297.670,  443.2,1000.0
 2.4210e+00, 23.680,297.700,  443.5,1000.0
 2.4213e+00, 23.706,297.700,  443.9,1000.0
 2.4212e+00, 23.706,297.670,  444.2,1000.0
 2.4218e+00, 23.706,297.670,  444.5,1000.0
 2.4209e+00, 23.706,297.670,  444.8,1000.0
 2.4201e+00, 23.706,297.700,  445.1,1000.0
 2.4207e+00, 23.706,297.700,  445.4,1000.0
 2.4203e+00, 23.706,297.700,  445.8,1000.0
 2.4190e+00, 23.706,297.700,  446.1,1000.0
 2.4198e+00, 23.706,297.700,  446.4,1000.0
 2.4200e+00, 23.706,297.700,  446.7,1000.0
 2.4191e+00, 23.706,297.700,  447.0,1000.0
 2.4186e+00, 23.706,297.700,  447.4,1000.0
 2.4196e+00, 23.706,297.700,  447.7,1000.0
 2.4191e+00, 23.706,297.700,  448.0,1000.0
 2.4194e+00, 23.706,297.700,  448.3,1000.0
 2.4191e+00, 23.706,297.700,  448.6,1000.0
 2.4180e+00, 23.706,297.700,  449.0,1000.0
 2.4179e+00, 23.706,297.700,  449.3,1000.0
 2.4190e+00, 23.706,297.700,  449.6,1000.0
 2.4187e+00, 23.706,297.700,  449.9,1000.0
 2.4172e+00, 23.706,297.700,  450.2,1000.0
 2.4185e+00, 23.706,297.700,  450.6,1000.0
 2.4186e+00, 23.706,297.700,  450.9,1000.0
 2.4196e+00, 23.706,297.700,  451.2,1000.0
 2.4207e+00, 23.706,297.700,  451.5,1000.0
 2.4220e+00, 23.706,297.700,  451.8,1000.0
 2.4216e+00, 23.706,297.700,  452.2,1000.0
 2.4216e+00, 23.706,297.700,  452.5,1000.0
 2.4219e+00, 23.706,297.700,  452.8,1000.0
 2.4232e+00, 23.706,297.700,  453.1,1000.0
 2.4229e+00, 23.706,297.700,  453.4,1000.0
 2.4214e+00, 23.706,297.700,  453.8,1000.0
 2.4220e+00, 23.706,297.700,  454.1,1000.0
 2.4219e+00, 23.706,297.700,  454.4,1000.0
 2.4216e+00, 23.706,297.700,  454.7,1000.0
 2.4213e+00, 23.706,297.700,  455.0,1000.0
 2.4218e+00, 23.706,297.700,  455.4,1000.0
 2.4232e+00, 23.706,297.700,  455.7,1000.0
 2.4234e+00, 23.706,297.700,  456.0,1000.0
 2.4220e+00, 23.706,297.700,  456.3,1000.0
 2.4203e+00, 23.706,297.700,  456.6,1000.0
 2.4212e+00, 23.706,297.700,  457.0,1000.0
 2.4218e+00, 23.706,297.700,  457.3,1000.0
 2.2640e+00, 23.706,297.700,  457.6,1000.0
 2.4205e+00, 23.706,297.700,  457.9,1000.0
 2.4214e+00, 23.706,297.700,  458.2,1000.0
 2.4223e+00, 23.706,297.700,  458.6,1000.0
 2.4207e+00, 23.706,297.700,  458.9,1000.0
 2.4194e+00, 23.706,297.700,  459.2,1000.0
 2.4192e+00, 23.706,297.700,  459.5,1000.0
 2.4197e+00, 23.706,297.700,  459.8,1000.0
 2.4182e+00, 23.706,297.700,  460.2,1000.0
 2.4182e+00, 23.706,297.700,  460.5,1000.0
 2.4184e+00, 23.706,297.700,  460.8,1000.0
 2.4199e+00, 23.706,297.700,  461.1,1000.0
 2.4204e+00, 23.706,297.700,  461.4,1000.0
 2.4174e+00, 23.706,297.700,  461.8,1000.0
 2.4176e+00, 23.706,297.700,  462.1,1000.0
 2.4187e+00, 23.706,297.700,  462.4,1000.0
 2.4180e+00, 23.706,297.720,  462.7,1000.0
 2.4178e+00, 23.706,297.720,  463.0,1000.0
 2.4187e+00, 23.706,297.700,  463.4,1000.0
 2.4199e+00, 23.706,297.700,  463.7,1000.0
 2.4195e+00, 23.706,297.720,  464.0,1000.0
 2.4206e+00, 23.706,297.720,  464.3,1000.0
 2.4192e+00, 23.706,297.720,  464.6,1000.0
 2.4192e+00, 23.706,297.720,  465.0,1000.0
 2.4184e+00, 23.706,297.720,  465.3,1000.0
 2.4175e+00, 23.706,297.720,  465.6,1000.0
 2.4178e+00, 23.706,297.720,  465.9,1000.0
 2.4187e+00, 23.696,297.720,  466.2,1000.0
 2.4183e+00, 23.670,297.720,  466.6,1000.0
 2.4166e+00, 23.644,297.720,  466.9,1000.0
 2.4172e+00, 23.618,297.720,  467.2,1000.0
 2.4180e+00, 23.592,297.720,  467.5,1000.0
 2.4169e+00, 23.566,297.720,  467.8,1000.0
 2.4168e+00, 23.540,297.720,  468.2,1000.0
 2.4188e+00, 23.514,297.720,  468.5,1000.0
 2.4184e+00, 23.488,297.720,  468.8,1000.0
 2.4178e+00, 23.462,297.720,  469.1,1000.0
 2.4173e+00, 23.436,297.720,  469.4,1000.0
 2.4173e+00, 23.410,297.720,  469.8,1000.0
 2.4176e+00, 23.384,297.720,  470.1,1000.0
 2.4174e+00, 23.358,297.720,  470.4,1000.0
 2.4168e+00, 23.332,297.720,  470.7,1000.0
 2.4176e+00, 23.306,297.720,  471.0,1000.0
 2.4161e+00, 23.281,297.720,  471.4,1000.0
 2.4166e+00, 23.254,297.720,  471.7,1000.0
 2.4159e+00, 23.228,297.720,  472.0,1000.0
 2.4161e+00, 23.202,297.720,  472.3,1000.0
 2.4168e+00, 23.176,297.720,  472.6,1000.0
 2.4151e+00, 23.150,297.720,  473.0,1000.0
 2.4143e+00, 23.124,297.720,  473.3,1000.0
 2.4160e+00, 23.099,297.720,  473.6,1000.0
 2.4166e+00, 23.073,297.720,  473.9,1000.0
 2.4165e+00, 23.047,297.720,  474.2,1000.0
 2.4158e+00, 23.020,297.720,  474.6,1000.0
 2.4147e+00, 22.995,297.720,  474.9,1000.0
 2.4155e+00, 22.969,297.720,  475.2,1000.0
 2.4165e+00, 22.943,297.720,  475.5,1000.0
 2.4151e+00, 22.917,297.720,  475.8,1000.0
 2.4155e+00, 22.891,297.720,  476.2,1000.0
 2.4159e+00, 22.865,297.720,  476.5,1000.0
 2.4154e+00, 22.839,297.720,  476.8,1000.0
 2.4151e+00, 22.813,297.720,  477.1,1000.0
 2.4145e+00, 22.787,297.720,  477.4,1000.0
 2.2604e+00, 22.761,297.720,  477.8,1000.0
 2.4167e+00, 22.736,297.720,  478.1,1000.0
 2.4161e+00, 22.710,297.720,  478.4,1000.0
 2.4163e+00, 22.684,297.750,  478.7,1000.0
 2.4166e+00, 22.658,297.750,  479.0,1000.0
 2.4159e+00, 22.632,297.720,  479.4,1000.0
 2.4153e+00, 22.606,297.720,  479.7,1000.0
 2.4154e+00, 22.580,297.720,  480.0,1000.0
 2.4155e+00, 22.554,297.720,  480.3,1000.0
 2.4143e+00, 22.528,297.720,  480.6,1000.0
 2.4139e+00, 22.502,297.720,  481.0,1000.0
 2.4139e+00, 22.477,297.720,  481.3,1000.0
 2.4149e+00, 22.451,297.750,  481.6,1000.0
 2.4144e+00, 22.425,297.750,  481.9,1000.0
 2.4140e+00, 22.399,297.750,  482.2,1000.0
 2.4132e+00, 22.373,297.720,  482.6,1000.0
 2.4141e+00, 22.347,297.720,  482.9,1000.0
 2.4136e+00, 22.321,297.750,  483.2,1000.0
 2.4127e+00, 22.295,297.750,  483.5,1000.0
 2.4129e+00, 22.269,297.750,  483.8,1000.0
 2.4138e+00, 22.243,297.720,  484.2,1000.0
 2.4111e+00, 22.217,297.720,  484.5,1000.0
 2.4121e+00, 22.191,297.750,  484.8,1000.0
 2.4092e+00, 22.165,297.750,  485.1,1000.0
 2.4095e+00, 22.139,297.750,  485.4,1000.0
 2.4096e+00, 22.114,297.750,  485.8,1000.0
 2.4093e+00, 22.088,297.750,  486.1,1000.0
 2.4110e+00, 22.062,297.750,  486.4,1000.0
 2.4116e+00, 22.036,297.750,  486.7,1000.0
 2.4105e+00, 22.010,297.750,  487.0,1000.0
 2.4092e+00, 21.984,297.750,  487.4,1000.0
 2.4091e+00, 21.958,297.750,  487.7,1000.0
 2.4085e+00, 21.932,297.750,  488.0,1000.0
 2.4088e+00, 21.906,297.750,  488.3,1000.0
 2.4082e+00, 21.880,297.750,  488.6,1000.0
 2.4083e+00, 21.855,297.750,  489.0,1000.0
 2.4090e+00, 21.829,297.750,  489.3,1000.0
 2.4077e+00, 21.803,297.750,  489.6,1000.0
 2.4066e+00, 21.777,297.750,  489.9,1000.0
 2.4057e+00, 21.751,297.750,  490.2,1000.0
 2.4065e+00, 21.725,297.750,  490.6,1000.0
 2.4055e+00, 21.699,297.750,  490.9,1000.0
 2.4049e+00, 21.673,297.750,  491.2,1000.0
 2.4051e+00, 21.647,297.750,  491.5,1000.0
 2.4072e+00, 21.621,297.750,  491.8,1000.0
 2.4071e+00, 21.596,297.750,  492.2,1000.0
 2.4054e+00, 21.570,297.750,  492.5,1000.0
 2.4044e+00, 21.544,297.750,  492.8,1000.0
 2.4055e+00, 21.518,297.750,  493.1,1000.0
 2.4042e+00, 21.492,297.750,  493.4,1000.0
 2.4021e+00, 21.466,297.750,  493.8,1000.0
 2.4017e+00, 21.440,297.750,  494.1,1000.0
 2.4024e+00, 21.414,297.750,  494.4,1000.0
 2.4016e+00, 21.388,297.750,  494.7,1000.0
 2.4000e+00, 21.362,297.750,  495.0,1000.0
 2.3993e+00, 21.336,297.750,  495.4,1000.0
 2.3980e+00, 21.310,297.750,  495.7,1000.0
 2.3979e+00, 21.284,297.750,  496.0,1000.0
 2.3970e+00, 21.258,297.750,  496.3,1000.0
 2.3958e+00, 21.233,297.750,  496.6,1000.0
 2.3965e+00, 21.207,297.750,  497.0,1000.0
 2.3945e+00, 21.181,297.750,  497.3,1000.0
 2.3916e+00, 21.155,297.750,  497.6,1000.0
 2.3121e+00, 21.129,297.770,  497.9,1000.0
 2.3890e+00, 21.103,297.770,  498.2,1000.0
 2.3893e+00, 21.077,297.770,  498.6,1000.0
 2.3869e+00, 21.051,297.770,  498.9,1000.0
 2.3846e+00, 21.025,297.770,  499.2,1000.0
 2.3847e+00, 20.999,297.770,  499.5,1000.0
 2.3834e+00, 20.973,297.770,  499.8,1000.0
 2.3803e+00, 20.947,297.750,  500.2,1000.0
 2.3786e+00, 20.921,297.750,  500.5,1000.0
 2.3781e+00, 20.895,297.770,  500.8,1000.0
 2.3773e+00, 20.870,297.770,  501.1,1000.0
 2.3753e+00, 20.844,297.770,  501.4,1000.0
 2.3741e+00, 20.818,297.770,  501.8,1000.0
 2.3732e+00, 20.792,297.770,  502.1,1000.0
 2.3717e+00, 20.766,297.770,  502.4,1000.0
 2.3695e+00, 20.740,297.770,  502.7,1000.0
 2.3678e+00, 20.714,297.770,  503.0,1000.0
 2.3667e+00, 20.688,297.770,  503.4,1000.0
 2.3668e+00, 20.662,297.770,  503.7,1000.0
 2.3648e+00, 20.636,297.770,  504.0,1000.0
 2.3624e+00, 20.611,297.770,  504.3,1000.0
 2.3620e+00, 20.585,297.770,  504.6,1000.0
 2.3613e+00, 20.559,297.770,  505.0,1000.0
 2.3594e+00, 20.533,297.770,  505.3,1000.0
 2.3569e+00, 20.507,297.770,  505.6,1000.0
 2.3558e+00, 20.481,297.770,  505.9,1000.0
 2.3557e+00, 20.455,297.770,  506.2,1000.0
 2.3526e+00, 20.429,297.770,  506.6,1000.0
 2.3508e+00, 20.403,297.770,  506.9,1000.0
 2.3503e+00, 20.377,297.770,  507.2,1000.0
 2.3500e+00, 20.352,297.770,  507.5,1000.0
 2.3476e+00, 20.326,297.770,  507.8,1000.0
 2.3452e+00, 20.300,297.770,  508.2,1000.0
 2.3434e+00, 20.274,297.770,  508.5,1000.0
 2.3433e+00, 20.248,297.770,  508.8,1000.0
 2.3414e+00, 20.222,297.770,  509.1,1000.0
 2.3394e+00, 20.196,297.770,  509.4,1000.0
 2.3388e+00, 20.170,297.770,  509.8,1000.0
 2.3377e+00, 20.144,297.770,  510.1,1000.0
 2.3357e+00, 20.118,297.770,  510.4,1000.0
 2.3331e+00, 20.093,297.770,  510.7,1000.0
 2.3315e+00, 20.067,297.770,  511.0,1000.0
 2.3313e+00, 20.041,297.770,  511.4,1000.0
 2.3305e+00, 20.015,297.770,  511.7,1000.0
 2.3283e+00, 19.989,297.770,  512.0,1000.0
 2.3275e+00, 19.963,297.770,  512.3,1000.0
 2.3264e+00, 19.937,297.770,  512.6,1000.0
 2.3238e+00, 19.911,297.770,  513.0,1000.0
 2.3223e+00, 19.885,297.770,  513.3,1000.0
 2.3197e+00, 19.859,297.770,  513.6,1000.0
 2.3193e+00, 19.834,297.770,  513.9,1000.0
 2.3183e+00, 19.808,297.770,  514.2,1000.0
 2.3156e+00, 19.782,297.770,  514.6,1000.0
 2.3162e+00, 19.756,297.770,  514.9,1000.0
 2.3124e+00, 19.730,297.770,  515.2,1000.0
 2.3109e+00, 19.704,297.770,  515.5,1000.0
 2.3093e+00, 19.678,297.770,  515.8,1000.0
 2.3077e+00, 19.652,297.800,  516.2,1000.0
 2.3074e+00, 19.626,297.800,  516.5,1000.0
 2.3060e+00, 19.600,297.770,  516.8,1000.0
 2.3037e+00, 19.575,297.770,  517.1,1000.0
 2.3030e+00, 19.549,297.770,  517.4,1000.0
 2.2234e+00, 19.523,297.800,  517.8,1000.0
 2.3000e+00, 19.497,297.800,  518.1,1000.0
 2.2984e+00, 19.471,297.800,  518.4,1000.0
 2.2959e+00, 19.445,297.800,  518.7,1000.0
 2.2943e+00, 19.419,297.800,  519.0,1000.0
 2.2934e+00, 19.393,297.800,  519.4,1000.0
 2.2908e+00, 19.367,297.800,  519.7,1000.0
 2.2890e+00, 19.341,297.800,  520.0,1000.0
 2.2887e+00, 19.316,297.800,  520.3,1000.0
 2.2875e+00, 19.290,297.800,  520.6,1000.0
 2.2855e+00, 19.264,297.800,  521.0,1000.0
 2.2829e+00, 19.238,297.800,  521.3,1000.0
 2.2821e+00, 19.212,297.800,  521.6,1000.0
 2.2803e+00, 19.186,297.800,  521.9,1000.0
 2.2793e+00, 19.160,297.800,  522.2,1000.0
 2.2774e+00, 19.134,297.800,  522.6,1000.0
 2.2765e+00, 19.108,297.800,  522.9,1000.0
 2.2749e+00, 19.082,297.800,  523.2,1000.0
 2.2721e+00, 19.057,297.800,  523.5,1000.0
 2.2708e+00, 19.031,297.800,  523.8,1000.0
 2.2691e+00, 19.005,297.800,  524.2,1000.0
 2.2681e+00, 18.979,297.800,  524.5,1000.0
 2.2667e+00, 18.953,297.800,  524.8,1000.0
 2.2643e+00, 18.927,297.800,  525.1,1000.0
 2.2628e+00, 18.901,297.800,  525.4,1000.0
 2.2615e+00, 18.875,297.800,  525.8,1000.0
 2.2595e+00, 18.849,297.800,  526.1,1000.0
 2.2574e+00, 18.823,297.800,  526.4,1000.0
 2.2545e+00, 18.797,297.800,  526.7,1000.0
 2.2540e+00, 18.771,297.800,  527.0,1000.0
 2.2528e+00, 18.745,297.800,  527.4,1000.0
 2.2508e+00, 18.719,297.800,  527.7,1000.0
 2.2492e+00, 18.694,297.800,  528.0,1000.0
 2.2481e+00, 18.668,297.800,  528.3,1000.0
 2.2464e+00, 18.642,297.800,  528.6,1000.0
 2.2448e+00, 18.616,297.800,  529.0,1000.0
 2.2427e+00, 18.590,297.800,  529.3,1000.0
 2.2418e+00, 18.564,297.800,  529.6,1000.0
 2.2394e+00, 18.538,297.800,  529.9,1000.0
 2.2372e+00, 18.512,297.800,  530.2,1000.0
 2.2358e+00, 18.486,297.800,  530.6,1000.0
 2.2353e+00, 18.460,297.800,  530.9,1000.0
 2.2340e+00, 18.435,297.800,  531.2,1000.0
 2.2314e+00, 18.409,297.800,  531.5,1000.0
 2.2288e+00, 18.383,297.800,  531.8,1000.0
 2.2270e+00, 18.357,297.800,  532.2,1000.0
 2.2254e+00, 18.331,297.800,  532.5,1000.0
 2.2231e+00, 18.305,297.800,  532.8,1000.0
 2.2227e+00, 18.279,297.800,  533.1,1000.0
 2.2219e+00, 18.253,297.800,  533.4,1000.0
 2.2190e+00, 18.227,297.800,  533.8,1000.0
 2.2165e+00, 18.201,297.800,  534.1,1000.0
 2.2148e+00, 18.176,297.800,  534.4,1000.0
 2.2140e+00, 18.150,297.800,  534.7,1000.0
 2.2124e+00, 18.124,297.800,  535.0,1000.0
 2.2107e+00, 18.098,297.800,  535.4,1000.0
 2.2099e+00, 18.072,297.800,  535.7,1000.0
 2.2072e+00, 18.046,297.800,  536.0,1000.0
 2.2043e+00, 18.020,297.830,  536.3,1000.0
 2.2027e+00, 17.994,297.830,  536.6,1000.0
 2.2003e+00, 17.968,297.800,  537.0,1000.0
 2.2004e+00, 17.942,297.800,  537.3,1000.0
 2.1983e+00, 17.916,297.800,  537.6,1000.0
 2.0397e+00, 17.890,297.800,  537.9,1000.0
 2.1942e+00, 17.864,297.800,  538.2,1000.0
 2.1934e+00, 17.838,297.830,  538.6,1000.0
 2.1914e+00, 17.813,297.830,  538.9,1000.0
 2.1890e+00, 17.787,297.830,  539.2,1000.0
 2.1876e+00, 17.761,297.830,  539.5,1000.0
 2.1861e+00, 17.735,297.830,  539.8,1000.0
 2.1845e+00, 17.709,297.830,  540.2,1000.0
 2.1812e+00, 17.683,297.830,  540.5,1000.0
 2.1794e+00, 17.657,297.830,  540.8,1000.0
 2.1788e+00, 17.631,297.830,  541.1,1000.0
 2.1776e+00, 17.605,297.830,  541.4,1000.0
 2.1743e+00, 17.579,297.830,  541.8,1000.0
 2.1727e+00, 17.554,297.830,  542.1,1000.0
 2.1709e+00, 17.528,297.830,  542.4,1000.0
 2.1691e+00, 17.502,297.830,  542.7,1000.0
 2.1664e+00, 17.476,297.830,  543.0,1000.0
 2.1645e+00, 17.450,297.830,  543.4,1000.0
 2.1642e+00, 17.424,297.830,  543.7,1000.0
 2.1624e+00, 17.398,297.830,  544.0,1000.0
 2.1594e+00, 17.372,297.830,  544.3,1000.0
 2.1571e+00, 17.346,297.830,  544.6,1000.0
 2.1558e+00, 17.320,297.830,  545.0,1000.0
 2.1546e+00, 17.295,297.830,  545.3,1000.0
 2.1525e+00, 17.269,297.830,  545.6,1000.0
 2.1506e+00, 17.243,297.830,  545.9,1000.0
 2.1497e+00, 17.216,297.830,  546.2,1000.0
 2.1463e+00, 17.191,297.830,  546.6,1000.0
 2.1453e+00, 17.165,297.830,  546.9,1000.0
 2.1417e+00, 17.139,297.830,  547.2,1000.0
 2.1405e+00, 17.113,297.830,  547.5,1000.0
 2.1394e+00, 17.087,297.830,  547.8,1000.0
 2.1378e+00, 17.061,297.830,  548.2,1000.0
 2.1343e+00, 17.035,297.830,  548.5,1000.0
 2.1328e+00, 17.009,297.830,  548.8,1000.0
 2.1314e+00, 16.983,297.830,  549.1,1000.0
 2.1283e+00, 16.957,297.830,  549.4,1000.0
 2.1268e+00, 16.931,297.830,  549.8,1000.0
 2.1249e+00, 16.905,297.830,  550.1,1000.0
 2.1238e+00, 16.879,297.830,  550.4,1000.0
 2.1210e+00, 16.853,297.830,  550.7,1000.0
 2.1186e+00, 16.827,297.830,  551.0,1000.0
 2.1183e+00, 16.801,297.830,  551.4,1000.0
 2.1160e+00, 16.775,297.830,  551.7,1000.0
 2.1129e+00, 16.749,297.830,  552.0,1000.0
 2.1112e+00, 16.723,297.830,  552.3,1000.0
 2.1085e+00, 16.697,297.830,  552.6,1000.0
 2.1069e+00, 16.671,297.830,  553.0,1000.0
 2.1050e+00, 16.645,297.830,  553.3,1000.0
 2.1025e+00, 16.619,297.830,  553.6,1000.0
 2.1017e+00, 16.593,297.830,  553.9,1000.0
 2.0999e+00, 16.567,297.830,  554.2,1000.0
 2.0971e+00, 16.541,297.850,  554.6,1000.0
 2.0944e+00, 16.514,297.850,  554.9,1000.0
 2.0925e+00, 16.489,297.830,  555.2,1000.0
 2.0910e+00, 16.463,297.830,  555.5,1000.0
 2.0894e+00, 16.436,297.830,  555.8,1000.0
 2.0868e+00, 16.411,297.850,  556.2,1000.0
 2.0857e+00, 16.385,297.850,  556.5,1000.0
 2.0834e+00, 16.359,297.850,  556.8,1000.0
 2.0803e+00, 16.333,297.850,  557.1,1000.0
 2.0788e+00, 16.307,297.850,  557.4,1000.0
 1.9192e+00, 16.281,297.850,  557.8,1000.0
 2.0748e+00, 16.255,297.850,  558.1,1000.0
 2.0725e+00, 16.229,297.850,  558.4,1000.0
 2.0703e+00, 16.203,297.850,  558.7,1000.0
 2.0680e+00, 16.177,297.850,  559.0,1000.0
 2.0670e+00, 16.151,297.850,  559.4,1000.0
 2.0648e+00, 16.125,297.850,  559.7,1000.0
 2.0622e+00, 16.099,297.850,  560.0,1000.0
 2.0599e+00, 16.073,297.850,  560.3,1000.0
 2.0585e+00, 16.047,297.850,  560.6,1000.0
 2.0557e+00, 16.021,297.850,  561.0,1000.0
 2.0534e+00, 15.995,297.850,  561.3,1000.0
 2.0513e+00, 15.969,297.850,  561.6,1000.0
 2.0498e+00, 15.944,297.850,  561.9,1000.0
 2.0470e+00, 15.918,297.850,  562.2,1000.0
 2.0442e+00, 15.892,297.850,  562.6,1000.0
 2.0420e+00, 15.866,297.850,  562.9,1000.0
 2.0403e+00, 15.840,297.850,  563.2,1000.0
 2.0383e+00, 15.814,297.850,  563.5,1000.0
 2.0350e+00, 15.788,297.850,  563.8,1000.0
 2.0347e+00, 15.762,297.850,  564.2,1000.0
 2.0330e+00, 15.736,297.850,  564.5,1000.0
 2.0315e+00, 15.710,297.850,  564.8,1000.0
 2.0270e+00, 15.685,297.850,  565.1,1000.0
 2.0239e+00, 15.659,297.850,  565.4,1000.0
 2.0227e+00, 15.633,297.850,  565.8,1000.0
 2.0208e+00, 15.607,297.850,  566.1,1000.0
 2.0188e+00, 15.581,297.850,  566.4,1000.0
 2.0164e+00, 15.555,297.850,  566.7,1000.0
 2.0151e+00, 15.529,297.850,  567.0,1000.0
 2.0127e+00, 15.503,297.850,  567.4,1000.0
 2.0088e+00, 15.477,297.850,  567.7,1000.0
 2.0068e+00, 15.451,297.850,  568.0,1000.0
 2.0058e+00, 15.426,297.850,  568.3,1000.0
 2.0033e+00, 15.400,297.850,  568.6,1000.0
 2.0005e+00, 15.374,297.850,  569.0,1000.0
 1.9980e+00, 15.348,297.850,  569.3,1000.0
 1.9969e+00, 15.322,297.850,  569.6,1000.0
 1.9945e+00, 15.296,297.850,  569.9,1000.0
 1.9906e+00, 15.270,297.850,  570.2,1000.0
 1.9893e+00, 15.244,297.850,  570.6,1000.0
 1.9877e+00, 15.218,297.850,  570.9,1000.0
 1.9857e+00, 15.192,297.880,  571.2,1000.0
 1.9816e+00, 15.166,297.850,  571.5,1000.0
 1.9802e+00, 15.140,297.850,  571.8,1000.0
 1.9784e+00, 15.114,297.880,  572.2,1000.0
 1.9751e+00, 15.088,297.880,  572.5,1000.0
 1.9720e+00, 15.062,297.850,  572.8,1000.0
 1.9705e+00, 15.036,297.850,  573.1,1000.0
 1.9684e+00, 15.010,297.850,  573.4,1000.0
 1.9657e+00, 14.984,297.880,  573.8,1000.0
 1.9638e+00, 14.959,297.880,  574.1,1000.0
 1.9613e+00, 14.933,297.880,  574.4,1000.0
 1.9601e+00, 14.907,297.880,  574.7,1000.0
 1.9572e+00, 14.881,297.880,  575.0,1000.0
 1.9550e+00, 14.855,297.880,  575.4,1000.0
 1.9516e+00, 14.829,297.880,  575.7,1000.0
 1.9501e+00, 14.803,297.880,  576.0,1000.0
 1.9478e+00, 14.777,297.880,  576.3,1000.0
 1.9453e+00, 14.751,297.880,  576.6,1000.0
 1.9422e+00, 14.725,297.880,  577.0,1000.0
 1.9409e+00, 14.700,297.880,  577.3,1000.0
 1.9386e+00, 14.674,297.880,  577.6,1000.0
 1.9347e+00, 14.648,297.880,  577.9,1000.0
 1.9318e+00, 14.622,297.880,  578.2,1000.0
 1.9298e+00, 14.596,297.880,  578.6,1000.0
 1.9278e+00, 14.570,297.880,  578.9,1000.0
 1.9256e+00, 14.544,297.880,  579.2,1000.0
 1.9231e+00, 14.518,297.880,  579.5,1000.0
 1.9213e+00, 14.492,297.880,  579.8,1000.0
 1.9184e+00, 14.466,297.880,  580.2,1000.0
 1.9152e+00, 14.441,297.880,  580.5,1000.0
 1.9130e+00, 14.415,297.880,  580.8,1000.0
 1.9111e+00, 14.389,297.880,  581.1,1000.0
 1.9090e+00, 14.363,297.880,  581.4,1000.0
 1.9065e+00, 14.337,297.880,  581.8,1000.0
 1.9032e+00, 14.311,297.880,  582.1,1000.0
 1.9015e+00, 14.285,297.880,  582.4,1000.0
 1.8989e+00, 14.259,297.880,  582.7,1000.0
 1.8963e+00, 14.233,297.880,  583.0,1000.0
 1.8930e+00, 14.207,297.880,  583.4,1000.0
 1.8910e+00, 14.182,297.880,  583.7,1000.0
 1.8892e+00, 14.156,297.880,  584.0,1000.0
 1.8858e+00, 14.130,297.880,  584.3,1000.0
 1.8833e+00, 14.104,297.880,  584.6,1000.0
 1.8814e+00, 14.078,297.880,  585.0,1000.0
 1.8796e+00, 14.052,297.880,  585.3,1000.0
 1.8774e+00, 14.026,297.880,  585.6,1000.0
 1.8734e+00, 14.000,297.880,  585.9,1000.0
 1.8708e+00, 13.974,297.880,  586.2,1000.0
 1.8689e+00, 13.948,297.880,  586.6,1000.0
 1.8655e+00, 13.923,297.880,  586.9,1000.0
 1.8628e+00, 13.897,297.900,  587.2,1000.0
 1.8617e+00, 13.871,297.880,  587.5,1000.0
 1.8597e+00, 13.845,297.880,  587.8,1000.0
 1.8558e+00, 13.819,297.900,  588.2,1000.0
 1.8528e+00, 13.793,297.900,  588.5,1000.0
 1.8501e+00, 13.767,297.900,  588.8,1000.0
 1.8483e+00, 13.741,297.900,  589.1,1000.0
 1.8455e+00, 13.715,297.900,  589.4,1000.0
 1.8425e+00, 13.689,297.900,  589.8,1000.0
 1.8410e+00, 13.663,297.900,  590.1,1000.0
 1.8383e+00, 13.637,297.900,  590.4,1000.0
 1.8350e+00, 13.611,297.900,  590.7,1000.0
 1.8322e+00, 13.585,297.900,  591.0,1000.0
 1.8301e+00, 13.559,297.900,  591.4,1000.0
 1.8279e+00, 13.533,297.900,  591.7,1000.0
 1.8253e+00, 13.507,297.900,  592.0,1000.0
 1.8219e+00, 13.481,297.900,  592.3,1000.0
 1.8204e+00, 13.456,297.900,  592.6,1000.0
 1.8179e+00, 13.430,297.900,  593.0,1000.0
 1.8142e+00, 13.404,297.900,  593.3,1000.0
 1.8113e+00, 13.378,297.900,  593.6,1000.0
 1.8086e+00, 13.352,297.900,  593.9,1000.0
 1.8067e+00, 13.326,297.900,  594.2,1000.0
 1.8035e+00, 13.300,297.900,  594.6,1000.0
 1.8006e+00, 13.274,297.900,  594.9,1000.0
 1.7979e+00, 13.248,297.900,  595.2,1000.0
 1.7959e+00, 13.222,297.900,  595.5,1000.0
 1.7932e+00, 13.197,297.900,  595.8,1000.0
 1.7899e+00, 13.171,297.900,  596.2,1000.0
 1.7873e+00, 13.145,297.900,  596.5,1000.0
 1.7857e+00, 13.119,297.900,  596.8,1000.0
 1.7822e+00, 13.093,297.900,  597.1,1000.0
 1.7787e+00, 13.067,297.900,  597.4,1000.0
 1.7776e+00, 13.041,297.900,  597.8,1000.0
 1.6185e+00, 13.015,297.900,  598.1,1000.0
 1.7718e+00, 12.989,297.900,  598.4,1000.0
 1.7683e+00, 12.963,297.900,  598.7,1000.0
 1.7656e+00, 12.938,297.900,  599.0,1000.0
 1.7635e+00, 12.912,297.900,  599.4,1000.0
 1.7612e+00, 12.886,297.900,  599.7,1000.0
 1.7582e+00, 12.860,297.900,  600.0,1000.0
 1.7556e+00, 12.834,297.900,  600.3,1000.0
 1.7535e+00, 12.808,297.900,  600.6,1000.0
 1.7501e+00, 12.782,297.930,  601.0,1000.0
 1.7469e+00, 12.756,297.930,  601.3,1000.0
 1.7432e+00, 12.730,297.930,  601.6,1000.0
 1.7418e+00, 12.704,297.930,  601.9,1000.0
 1.7393e+00, 12.678,297.930,  602.2,1000.0
 1.7362e+00, 12.652,297.930,  602.6,1000.0
 1.7331e+00, 12.626,297.930,  602.9,1000.0
 1.7314e+00, 12.600,297.930,  603.2,1000.0
 1.7274e+00, 12.574,297.930,  603.5,1000.0
 1.7247e+00, 12.548,297.930,  603.8,1000.0
 1.7225e+00, 12.522,297.930,  604.2,1000.0
 1.7194e+00, 12.497,297.930,  604.5,1000.0
 1.7167e+00, 12.471,297.930,  604.8,1000.0
 1.7134e+00, 12.445,297.930,  605.1,1000.0
 1.7110e+00, 12.419,297.930,  605.4,1000.0
 1.7092e+00, 12.393,297.930,  605.8,1000.0
 1.7061e+00, 12.367,297.930,  606.1,1000.0
 1.7026e+00, 12.341,297.930,  606.4,1000.0
 1.6998e+00, 12.315,297.930,  606.7,1000.0
 1.6973e+00, 12.289,297.930,  607.0,1000.0
 1.6948e+00, 12.263,297.930,  607.4,1000.0
 1.6910e+00, 12.237,297.930,  607.7,1000.0
 1.6884e+00, 12.211,297.930,  608.0,1000.0
 1.6866e+00, 12.185,297.930,  608.3,1000.0
 1.6832e+00, 12.159,297.930,  608.6,1000.0
 1.6803e+00, 12.133,297.930,  609.0,1000.0
 1.6767e+00, 12.107,297.930,  609.3,1000.0
 1.6747e+00, 12.081,297.930,  609.6,1000.0
 1.6718e+00, 12.055,297.930,  609.9,1000.0
 1.6690e+00, 12.030,297.930,  610.2,1000.0
 1.6661e+00, 12.004,297.930,  610.6,1000.0
 1.6639e+00, 11.978,297.930,  610.9,1000.0
 1.6610e+00, 11.952,297.930,  611.2,1000.0
 1.6569e+00, 11.926,297.930,  611.5,1000.0
 1.6534e+00, 11.900,297.930,  611.8,1000.0
 1.6507e+00, 11.874,297.930,  612.2,1000.0
 1.6493e+00, 11.848,297.930,  612.5,1000.0
 1.6461e+00, 11.822,297.950,  612.8,1000.0
 1.6430e+00, 11.796,297.950,  613.1,1000.0
 1.6407e+00, 11.771,297.930,  613.4,1000.0
 1.6376e+00, 11.745,297.950,  613.8,1000.0
 1.6338e+00, 11.719,297.950,  614.1,1000.0
 1.6305e+00, 11.693,297.950,  614.4,1000.0
 1.6287e+00, 11.667,297.950,  614.7,1000.0
 1.6258e+00, 11.641,297.950,  615.0,1000.0
 1.6232e+00, 11.615,297.950,  615.4,1000.0
 1.6190e+00, 11.589,297.950,  615.7,1000.0
 1.6170e+00, 11.563,297.950,  616.0,1000.0
 1.6144e+00, 11.537,297.950,  616.3,1000.0
 1.6113e+00, 11.512,297.950,  616.6,1000.0
 1.6074e+00, 11.486,297.950,  617.0,1000.0
 1.6059e+00, 11.460,297.950,  617.3,1000.0
 1.6026e+00, 11.434,297.950,  617.6,1000.0
 1.5215e+00, 11.408,297.950,  617.9,1000.0
 1.5964e+00, 11.382,297.950,  618.2,1000.0
 1.5935e+00, 11.356,297.950,  618.6,1000.0
 1.5912e+00, 11.330,297.950,  618.9,1000.0
 1.5879e+00, 11.304,297.950,  619.2,1000.0
 1.5843e+00, 11.278,297.950,  619.5,1000.0
 1.5818e+00, 11.253,297.950,  619.8,1000.0
 1.5785e+00, 11.227,297.950,  620.2,1000.0
 1.5754e+00, 11.201,297.950,  620.5,1000.0
 1.5728e+00, 11.175,297.950,  620.8,1000.0
 1.5704e+00, 11.149,297.950,  621.1,1000.0
 1.5676e+00, 11.123,297.950,  621.4,1000.0
 1.5639e+00, 11.097,297.950,  621.8,1000.0
 1.5601e+00, 11.071,297.950,  622.1,1000.0
 1.5577e+00, 11.045,297.950,  622.4,1000.0
 1.5545e+00, 11.019,297.950,  622.7,1000.0
 1.5520e+00, 10.994,297.950,  623.0,1000.0
 1.5488e+00, 10.968,297.950,  623.4,1000.0
 1.5465e+00, 10.942,297.950,  623.7,1000.0
 1.5434e+00, 10.916,297.950,  624.0,1000.0
 1.5398e+00, 10.890,297.950,  624.3,1000.0
 1.5365e+00, 10.864,297.980,  624.6,1000.0
 1.5336e+00, 10.838,297.950,  625.0,1000.0
 1.5315e+00, 10.812,297.950,  625.3,1000.0
 1.5285e+00, 10.786,297.980,  625.6,1000.0
 1.5250e+00, 10.760,297.980,  625.9,1000.0
 1.5218e+00, 10.735,297.950,  626.2,1000.0
 1.5195e+00, 10.709,297.980,  626.6,1000.0
 1.5154e+00, 10.683,297.980,  626.9,1000.0
 1.5127e+00, 10.657,297.980,  627.2,1000.0
 1.5092e+00, 10.631,297.980,  627.5,1000.0
 1.5071e+00, 10.605,297.980,  627.8,1000.0
 1.5036e+00, 10.579,297.980,  628.2,1000.0
 1.5003e+00, 10.553,297.980,  628.5,1000.0
 1.4977e+00, 10.527,297.980,  628.8,1000.0
 1.4951e+00, 10.501,297.980,  629.1,1000.0
 1.4911e+00, 10.475,297.980,  629.4,1000.0
 1.4881e+00, 10.448,297.980,  629.8,1000.0
 1.4849e+00, 10.423,297.980,  630.1,1000.0
 1.4815e+00, 10.397,297.980,  630.4,1000.0
 1.4789e+00, 10.371,297.980,  630.7,1000.0
 1.4756e+00, 10.345,297.980,  631.0,1000.0
 1.4732e+00, 10.319,297.980,  631.4,1000.0
 1.4703e+00, 10.293,297.980,  631.7,1000.0
 1.4671e+00, 10.267,297.980,  632.0,1000.0
 1.4635e+00, 10.241,297.980,  632.3,1000.0
 1.4599e+00, 10.215,297.980,  632.6,1000.0
 1.4574e+00, 10.189,297.980,  633.0,1000.0
 1.4545e+00, 10.164,297.980,  633.3,1000.0
 1.4510e+00, 10.138,297.980,  633.6,1000.0
 1.4484e+00, 10.111,297.980,  633.9,1000.0
 1.4452e+00, 10.085,297.980,  634.2,1000.0
 1.4419e+00, 10.059,297.980,  634.6,1000.0
 1.4378e+00, 10.033,297.980,  634.9,1000.0
 1.4347e+00, 10.007,297.980,  635.2,1000.0
 1.4322e+00,  9.982,297.980,  635.5,1000.0
 1.4300e+00,  9.955,297.980,  635.8,1000.0
 1.4261e+00,  9.929,297.980,  636.2,1000.0
 1.4226e+00,  9.903,297.980,  636.5,1000.0
 1.4205e+00,  9.877,297.980,  636.8,1000.0
 1.4165e+00,  9.851,297.980,  637.1,1000.0
 1.4129e+00,  9.825,297.980,  637.4,1000.0
 1.4094e+00,  9.799,297.980,  637.8,1000.0
 1.2507e+00,  9.773,297.980,  638.1,1000.0
 1.4039e+00,  9.747,297.980,  638.4,1000.0
 1.4006e+00,  9.721,297.980,  638.7,1000.0
 1.3975e+00,  9.695,298.000,  639.0,1000.0
 1.3953e+00,  9.669,297.980,  639.4,1000.0
 1.3916e+00,  9.643,297.980,  639.7,1000.0
 1.3879e+00,  9.617,298.000,  640.0,1000.0
 1.3842e+00,  9.592,298.000,  640.3,1000.0
 1.3813e+00,  9.566,297.980,  640.6,1000.0
 1.3788e+00,  9.540,298.000,  641.0,1000.0
 1.3751e+00,  9.514,298.000,  641.3,1000.0
 1.3721e+00,  9.488,298.000,  641.6,1000.0
 1.3693e+00,  9.462,298.000,  641.9,1000.0
 1.3664e+00,  9.436,298.000,  642.2,1000.0
 1.3623e+00,  9.410,298.000,  642.6,1000.0
 1.3584e+00,  9.384,298.000,  642.9,1000.0
 1.3558e+00,  9.358,298.000,  643.2,1000.0
 1.3525e+00,  9.332,298.000,  643.5,1000.0
 1.3495e+00,  9.305,298.000,  643.8,1000.0
 1.3464e+00,  9.280,298.000,  644.2,1000.0
 1.3435e+00,  9.254,298.000,  644.5,1000.0
 1.3400e+00,  9.228,298.000,  644.8,1000.0
 1.3360e+00,  9.202,298.000,  645.1,1000.0
 1.3338e+00,  9.176,298.000,  645.4,1000.0
 1.3295e+00,  9.150,298.000,  645.8,1000.0
 1.3274e+00,  9.124,298.000,  646.1,1000.0
 1.3241e+00,  9.098,298.000,  646.4,1000.0
 1.3202e+00,  9.072,298.000,  646.7,1000.0
 1.3170e+00,  9.046,298.000,  647.0,1000.0
 1.3140e+00,  9.020,298.000,  647.4,1000.0
 1.3104e+00,  8.994,298.000,  647.7,1000.0
 1.3071e+00,  8.968,298.000,  648.0,1000.0
 1.3037e+00,  8.942,298.000,  648.3,1000.0
 1.3012e+00,  8.917,298.000,  648.6,1000.0
 1.2972e+00,  8.890,298.000,  649.0,1000.0
 1.2942e+00,  8.864,298.000,  649.3,1000.0
 1.2912e+00,  8.839,298.000,  649.6,1000.0
 1.2887e+00,  8.812,298.000,  649.9,1000.0
 1.2844e+00,  8.786,298.000,  650.2,1000.0
 1.2810e+00,  8.760,298.000,  650.6,1000.0
 1.2773e+00,  8.735,298.000,  650.9,1000.0
 1.2746e+00,  8.709,298.000,  651.2,1000.0
 1.2711e+00,  8.683,298.000,  651.5,1000.0
 1.2679e+00,  8.656,298.000,  651.8,1000.0
 1.2648e+00,  8.631,298.000,  652.2,1000.0
 1.2619e+00,  8.605,298.000,  652.5,1000.0
 1.2581e+00,  8.579,298.000,  652.8,1000.0
 1.2543e+00,  8.552,298.000,  653.1,1000.0
 1.2512e+00,  8.527,298.000,  653.4,1000.0
 1.2477e+00,  8.501,298.000,  653.8,1000.0
 1.2449e+00,  8.475,298.000,  654.1,1000.0
 1.2419e+00,  8.449,298.000,  654.4,1000.0
 1.2385e+00,  8.423,298.000,  654.7,1000.0
 1.2357e+00,  8.397,298.030,  655.0,1000.0
 1.2316e+00,  8.371,298.030,  655.4,1000.0
 1.2277e+00,  8.345,298.030,  655.7,1000.0
 1.2247e+00,  8.319,298.000,  656.0,1000.0
 1.2218e+00,  8.293,298.000,  656.3,1000.0
 1.2186e+00,  8.268,298.030,  656.6,1000.0
 1.2149e+00,  8.242,298.030,  657.0,1000.0
 1.2117e+00,  8.216,298.030,  657.3,1000.0
 1.2085e+00,  8.190,298.030,  657.6,1000.0
 1.2051e+00,  8.164,298.030,  657.9,1000.0
 1.2013e+00,  8.138,298.030,  658.2,1000.0
 1.1983e+00,  8.112,298.030,  658.6,1000.0
 1.1952e+00,  8.086,298.030,  658.9,1000.0
 1.1920e+00,  8.060,298.030,  659.2,1000.0
 1.1881e+00,  8.034,298.030,  659.5,1000.0
 1.1847e+00,  8.009,298.030,  659.8,1000.0
 1.1818e+00,  7.983,298.030,  660.2,1000.0
 1.1786e+00,  7.957,298.030,  660.5,1000.0
 1.1743e+00,  7.931,298.030,  660.8,1000.0
 1.1714e+00,  7.905,298.030,  661.1,1000.0
 1.1679e+00,  7.879,298.030,  661.4,1000.0
 1.1644e+00,  7.853,298.030,  661.8,1000.0
 1.1606e+00,  7.827,298.030,  662.1,1000.0
 1.1579e+00,  7.801,298.030,  662.4,1000.0
 1.1548e+00,  7.775,298.030,  662.7,1000.0
 1.1517e+00,  7.750,298.030,  663.0,1000.0
 1.1475e+00,  7.724,298.030,  663.4,1000.0
 1.1440e+00,  7.698,298.030,  663.7,1000.0
 1.1408e+00,  7.672,298.030,  664.0,1000.0
 1.1377e+00,  7.646,298.030,  664.3,1000.0
 1.1338e+00,  7.620,298.030,  664.6,1000.0
 1.1310e+00,  7.594,298.030,  665.0,1000.0
 1.1276e+00,  7.568,298.030,  665.3,1000.0
 1.1243e+00,  7.542,298.030,  665.6,1000.0
 1.1201e+00,  7.516,298.030,  665.9,1000.0
 1.1165e+00,  7.491,298.030,  666.2,1000.0
 1.1135e+00,  7.465,298.030,  666.6,1000.0
 1.1104e+00,  7.439,298.030,  666.9,1000.0
 1.1068e+00,  7.413,298.030,  667.2,1000.0
 1.1035e+00,  7.387,298.030,  667.5,1000.0
 1.1000e+00,  7.361,298.030,  667.8,1000.0
 1.0969e+00,  7.335,298.030,  668.2,1000.0
 1.0926e+00,  7.309,298.030,  668.5,1000.0
 1.0894e+00,  7.283,298.030,  668.8,1000.0
 1.0863e+00,  7.257,298.030,  669.1,1000.0
 1.0832e+00,  7.232,298.030,  669.4,1000.0
 1.0791e+00,  7.206,298.030,  669.8,1000.0
 1.0757e+00,  7.180,298.030,  670.1,1000.0
 1.0727e+00,  7.154,298.030,  670.4,1000.0
 1.0693e+00,  7.128,298.030,  670.7,1000.0
 1.0655e+00,  7.102,298.050,  671.0,1000.0
 1.0617e+00,  7.076,298.050,  671.4,1000.0
 1.0584e+00,  7.050,298.050,  671.7,1000.0
 1.0554e+00,  7.024,298.050,  672.0,1000.0
 1.0517e+00,  6.998,298.050,  672.3,1000.0
 1.0483e+00,  6.973,298.050,  672.6,1000.0
 1.0448e+00,  6.947,298.050,  673.0,1000.0
 1.0414e+00,  6.921,298.050,  673.3,1000.0
 1.0378e+00,  6.895,298.050,  673.6,1000.0
 1.0339e+00,  6.869,298.050,  673.9,1000.0
 1.0305e+00,  6.843,298.050,  674.2,1000.0
 1.0277e+00,  6.817,298.050,  674.6,1000.0
 1.0238e+00,  6.791,298.050,  674.9,1000.0
 1.0202e+00,  6.765,298.050,  675.2,1000.0
 1.0173e+00,  6.739,298.050,  675.5,1000.0
 1.0137e+00,  6.714,298.050,  675.8,1000.0
 1.0097e+00,  6.688,298.050,  676.2,1000.0
 1.0059e+00,  6.662,298.050,  676.5,1000.0
 1.0027e+00,  6.636,298.050,  676.8,1000.0
 9.9950e-01,  6.610,298.050,  677.1,1000.0
 9.9598e-01,  6.584,298.050,  677.4,1000.0
 9.9205e-01,  6.558,298.050,  677.8,1000.0
 9.8902e-01,  6.532,298.050,  678.1,1000.0
 9.8563e-01,  6.506,298.050,  678.4,1000.0
 9.8166e-01,  6.480,298.050,  678.7,1000.0
 9.7806e-01,  6.455,298.050,  679.0,1000.0
 9.7473e-01,  6.429,298.050,  679.4,1000.0
 9.7152e-01,  6.403,298.050,  679.7,1000.0
 9.6774e-01,  6.377,298.050,  680.0,1000.0
 9.6412e-01,  6.351,298.050,  680.3,1000.0
 9.6043e-01,  6.325,298.050,  680.6,1000.0
 9.5744e-01,  6.299,298.050,  681.0,1000.0
 9.5360e-01,  6.273,298.050,  681.3,1000.0
 9.5017e-01,  6.247,298.050,  681.6,1000.0
 9.4580e-01,  6.221,298.050,  681.9,1000.0
 9.4285e-01,  6.196,298.050,  682.2,1000.0
 9.3932e-01,  6.170,298.050,  682.6,1000.0
 9.3584e-01,  6.144,298.050,  682.9,1000.0
 9.3232e-01,  6.118,298.050,  683.2,1000.0
 9.2923e-01,  6.092,298.050,  683.5,1000.0
 9.2515e-01,  6.066,298.050,  683.8,1000.0
 9.2120e-01,  6.040,298.050,  684.2,1000.0
 9.1761e-01,  6.014,298.050,  684.5,1000.0
 9.1435e-01,  5.988,298.080,  684.8,1000.0
 9.1138e-01,  5.962,298.080,  685.1,1000.0
 9.0735e-01,  5.937,298.080,  685.4,1000.0
 9.0416e-01,  5.911,298.080,  685.8,1000.0
 9.0031e-01,  5.885,298.080,  686.1,1000.0
 8.9657e-01,  5.859,298.080,  686.4,1000.0
 8.9240e-01,  5.833,298.080,  686.7,1000.0
 8.8930e-01,  5.807,298.080,  687.0,1000.0
 8.8578e-01,  5.781,298.080,  687.4,1000.0
 8.8250e-01,  5.755,298.080,  687.7,1000.0
 8.7876e-01,  5.729,298.080,  688.0,1000.0
 8.7529e-01,  5.703,298.080,  688.3,1000.0
 8.7138e-01,  5.678,298.080,  688.6,1000.0
 8.6800e-01,  5.652,298.080,  689.0,1000.0
 8.6404e-01,  5.626,298.080,  689.3,1000.0
 8.6074e-01,  5.600,298.080,  689.6,1000.0
 8.5721e-01,  5.574,298.080,  689.9,1000.0
 8.5361e-01,  5.548,298.080,  690.2,1000.0
 8.4965e-01,  5.522,298.080,  690.6,1000.0
 8.4595e-01,  5.496,298.080,  690.9,1000.0
 8.4298e-01,  5.470,298.080,  691.2,1000.0
 8.3918e-01,  5.444,298.080,  691.5,1000.0
 8.3558e-01,  5.418,298.080,  691.8,1000.0
 8.3184e-01,  5.393,298.080,  692.2,1000.0
 8.2851e-01,  5.367,298.080,  692.5,1000.0
 8.2447e-01,  5.341,298.080,  692.8,1000.0
 8.2074e-01,  5.315,298.080,  693.1,1000.0
 8.1731e-01,  5.289,298.080,  693.4,1000.0
 8.1412e-01,  5.263,298.080,  693.8,1000.0
 8.1028e-01,  5.237,298.080,  694.1,1000.0
 8.0652e-01,  5.211,298.080,  694.4,1000.0
 8.0261e-01,  5.185,298.080,  694.7,1000.0
 7.9893e-01,  5.159,298.080,  695.0,1000.0
 7.9539e-01,  5.134,298.080,  695.4,1000.0
 7.9181e-01,  5.108,298.080,  695.7,1000.0
 7.8843e-01,  5.082,298.080,  696.0,1000.0
 7.8479e-01,  5.056,298.080,  696.3,1000.0
 7.8081e-01,  5.030,298.080,  696.6,1000.0
 7.7666e-01,  5.004,298.080,  697.0,1000.0
 7.7310e-01,  4.978,298.080,  697.3,1000.0
 7.6983e-01,  4.952,298.100,  697.6,1000.0
 7.6681e-01,  4.926,298.100,  697.9,1000.0
 7.6238e-01,  4.900,298.080,  698.2,1000.0
 7.5905e-01,  4.874,298.100,  698.6,1000.0
 7.5516e-01,  4.848,298.100,  698.9,1000.0
 7.5156e-01,  4.822,298.100,  699.2,1000.0
 7.4750e-01,  4.797,298.100,  699.5,1000.0
 7.4404e-01,  4.771,298.100,  699.8,1000.0
 7.4062e-01,  4.745,298.100,  700.2,1000.0
 7.3713e-01,  4.719,298.100,  700.5,1000.0
 7.3324e-01,  4.693,298.100,  700.8,1000.0
 7.2926e-01,  4.667,298.100,  701.1,1000.0
 7.2581e-01,  4.641,298.100,  701.4,1000.0
 7.2206e-01,  4.615,298.100,  701.8,1000.0
 7.1851e-01,  4.589,298.100,  702.1,1000.0
 7.1466e-01,  4.563,298.100,  702.4,1000.0
 7.1085e-01,  4.537,298.100,  702.7,1000.0
 7.0700e-01,  4.512,298.100,  703.0,1000.0
 7.0336e-01,  4.486,298.100,  703.4,1000.0
 6.9967e-01,  4.459,298.100,  703.7,1000.0
 6.9626e-01,  4.434,298.100,  704.0,1000.0
 6.9286e-01,  4.408,298.100,  704.3,1000.0
 6.8886e-01,  4.382,298.100,  704.6,1000.0
 6.8472e-01,  4.356,298.100,  705.0,1000.0
 6.8074e-01,  4.330,298.100,  705.3,1000.0
 6.7760e-01,  4.304,298.100,  705.6,1000.0
 6.7388e-01,  4.278,298.100,  705.9,1000.0
 6.7049e-01,  4.252,298.100,  706.2,1000.0
 6.6669e-01,  4.226,298.100,  706.6,1000.0
 6.6300e-01,  4.200,298.100,  706.9,1000.0
 6.5876e-01,  4.175,298.100,  707.2,1000.0
 6.5482e-01,  4.149,298.100,  707.5,1000.0
 6.5108e-01,  4.123,298.100,  707.8,1000.0
 6.4788e-01,  4.096,298.100,  708.2,1000.0
 6.4440e-01,  4.071,298.100,  708.5,1000.0
 6.4040e-01,  4.045,298.100,  708.8,1000.0
 6.3648e-01,  4.019,298.100,  709.1,1000.0
 6.3245e-01,  3.993,298.100,  709.4,1000.0
 6.2881e-01,  3.967,298.100,  709.8,1000.0
 6.2506e-01,  3.941,298.100,  710.1,1000.0
 6.2144e-01,  3.915,298.100,  710.4,1000.0
 6.1798e-01,  3.889,298.100,  710.7,1000.0
 6.1404e-01,  3.863,298.130,  711.0,1000.0
 6.0983e-01,  3.837,298.100,  711.4,1000.0
 6.0634e-01,  3.811,298.100,  711.7,1000.0
 6.0256e-01,  3.785,298.100,  712.0,1000.0
 5.9886e-01,  3.759,298.100,  712.3,1000.0
 5.9505e-01,  3.733,298.130,  712.6,1000.0
 5.9147e-01,  3.708,298.130,  713.0,1000.0
 5.8761e-01,  3.682,298.130,  713.3,1000.0
 5.8357e-01,  3.656,298.130,  713.6,1000.0
 5.7961e-01,  3.630,298.130,  713.9,1000.0
 5.7613e-01,  3.604,298.130,  714.2,1000.0
 5.7268e-01,  3.578,298.130,  714.6,1000.0
 5.6871e-01,  3.552,298.130,  714.9,1000.0
 5.6479e-01,  3.526,298.130,  715.2,1000.0
 5.6049e-01,  3.500,298.130,  715.5,1000.0
 5.5679e-01,  3.474,298.130,  715.8,1000.0
 5.5315e-01,  3.449,298.130,  716.2,1000.0
 5.4959e-01,  3.422,298.130,  716.5,1000.0
 5.4584e-01,  3.396,298.130,  716.8,1000.0
 5.4228e-01,  3.370,298.130,  717.1,1000.0
 5.3789e-01,  3.344,298.130,  717.4,1000.0
 5.3387e-01,  3.318,298.130,  717.8,1000.0
 5.2986e-01,  3.292,298.130,  718.1,1000.0
 5.2648e-01,  3.266,298.130,  718.4,1000.0
 5.2290e-01,  3.240,298.130,  718.7,1000.0
 5.1916e-01,  3.214,298.130,  719.0,1000.0
 5.1508e-01,  3.188,298.130,  719.4,1000.0
 5.1104e-01,  3.163,298.130,  719.7,1000.0
 5.0703e-01,  3.137,298.130,  720.0,1000.0
 5.0315e-01,  3.111,298.130,  720.3,1000.0
 4.9957e-01,  3.084,298.130,  720.6,1000.0
 4.9564e-01,  3.059,298.130,  721.0,1000.0
 4.9217e-01,  3.033,298.130,  721.3,1000.0
 4.8788e-01,  3.006,298.130,  721.6,1000.0
 4.8390e-01,  2.980,298.130,  721.9,1000.0
 4.7997e-01,  2.955,298.130,  722.2,1000.0
 4.7646e-01,  2.929,298.130,  722.6,1000.0
 4.7254e-01,  2.903,298.130,  722.9,1000.0
 4.6887e-01,  2.877,298.130,  723.2,1000.0
 4.6461e-01,  2.851,298.130,  723.5,1000.0
 4.6081e-01,  2.825,298.130,  723.8,1000.0
 4.5682e-01,  2.799,298.130,  724.2,1000.0
 4.5314e-01,  2.773,298.130,  724.5,1000.0
 4.4934e-01,  2.747,298.130,  724.8,1000.0
 4.4568e-01,  2.721,298.130,  725.1,1000.0
 4.4179e-01,  2.695,298.130,  725.4,1000.0
 4.3741e-01,  2.669,298.130,  725.8,1000.0
 4.3331e-01,  2.643,298.130,  726.1,1000.0
 4.2947e-01,  2.617,298.150,  726.4,1000.0
 4.2587e-01,  2.591,298.150,  726.7,1000.0
 4.2210e-01,  2.565,298.150,  727.0,1000.0
 4.1842e-01,  2.539,298.150,  727.4,1000.0
 4.1426e-01,  2.513,298.150,  727.7,1000.0
 4.1014e-01,  2.487,298.150,  728.0,1000.0
 4.0606e-01,  2.461,298.150,  728.3,1000.0
 4.0227e-01,  2.435,298.150,  728.6,1000.0
 3.9851e-01,  2.409,298.150,  729.0,1000.0
 3.9481e-01,  2.383,298.150,  729.3,1000.0
 3.9073e-01,  2.357,298.150,  729.6,1000.0
 3.8664e-01,  2.331,298.150,  729.9,1000.0
 3.8243e-01,  2.305,298.150,  730.2,1000.0
 3.7842e-01,  2.279,298.150,  730.6,1000.0
 3.7443e-01,  2.253,298.150,  730.9,1000.0
 3.7084e-01,  2.227,298.150,  731.2,1000.0
 3.6713e-01,  2.202,298.150,  731.5,1000.0
 3.6287e-01,  2.176,298.150,  731.8,1000.0
 3.5891e-01,  2.149,298.150,  732.2,1000.0
 3.5469e-01,  2.123,298.150,  732.5,1000.0
 3.5094e-01,  2.098,298.150,  732.8,1000.0
 3.4707e-01,  2.072,298.150,  733.1,1000.0
 3.4313e-01,  2.046,298.150,  733.4,1000.0
 3.3906e-01,  2.020,298.150,  733.8,1000.0
 3.3503e-01,  1.994,298.150,  734.1,1000.0
 3.3075e-01,  1.968,298.150,  734.4,1000.0
 3.2688e-01,  1.942,298.150,  734.7,1000.0
 3.2282e-01,  1.916,298.150,  735.0,1000.0
 3.1928e-01,  1.890,298.150,  735.4,1000.0
 3.1501e-01,  1.864,298.150,  735.7,1000.0
 3.1104e-01,  1.839,298.150,  736.0,1000.0
 3.0655e-01,  1.813,298.150,  736.3,1000.0
 3.0256e-01,  1.787,298.150,  736.6,1000.0
 2.9863e-01,  1.761,298.150,  737.0,1000.0
 2.9489e-01,  1.735,298.150,  737.3,1000.0
 2.9090e-01,  1.709,298.150,  737.6,1000.0
 2.8676e-01,  1.683,298.150,  737.9,1000.0
 2.8255e-01,  1.657,298.150,  738.2,1000.0
 2.7809e-01,  1.631,298.180,  738.6,1000.0
 2.7409e-01,  1.605,298.180,  738.9,1000.0
 2.7011e-01,  1.580,298.180,  739.2,1000.0
 2.6640e-01,  1.554,298.180,  739.5,1000.0
 2.6211e-01,  1.528,298.180,  739.8,1000.0
 2.5792e-01,  1.502,298.180,  740.2,1000.0
 2.5359e-01,  1.476,298.180,  740.5,1000.0
 2.4943e-01,  1.450,298.180,  740.8,1000.0
 2.4515e-01,  1.424,298.180,  741.1,1000.0
 2.4131e-01,  1.398,298.180,  741.4,1000.0
 2.3721e-01,  1.372,298.180,  741.8,1000.0
 2.3305e-01,  1.346,298.180,  742.1,1000.0
 2.2873e-01,  1.321,298.180,  742.4,1000.0
 2.2440e-01,  1.295,298.180,  742.7,1000.0
 2.2032e-01,  1.269,298.180,  743.0,1000.0
 2.1610e-01,  1.243,298.180,  743.4,1000.0
 2.1201e-01,  1.217,298.180,  743.7,1000.0
 2.0758e-01,  1.191,298.180,  744.0,1000.0
 2.0339e-01,  1.165,298.180,  744.3,1000.0
 1.9880e-01,  1.139,298.180,  744.6,1000.0
 1.9466e-01,  1.113,298.180,  745.0,1000.0
 1.9034e-01,  1.087,298.180,  745.3,1000.0
 1.8645e-01,  1.062,298.180,  745.6,1000.0
 1.8209e-01,  1.036,298.180,  745.9,1000.0
 1.7769e-01,  1.009,298.180,  746.2,1000.0
 1.7319e-01,  0.983,298.180,  746.6,1000.0
 1.6868e-01,  0.958,298.180,  746.9,1000.0
 1.6443e-01,  0.932,298.180,  747.2,1000.0
 1.6028e-01,  0.906,298.180,  747.5,1000.0
 1.5613e-01,  0.880,298.180,  747.8,1000.0
 1.5171e-01,  0.854,298.180,  748.2,1000.0
 1.4717e-01,  0.828,298.180,  748.5,1000.0
 1.4266e-01,  0.802,298.180,  748.8,1000.0
 1.3819e-01,  0.776,298.180,  749.1,1000.0
 1.3390e-01,  0.750,298.180,  749.4,1000.0
 1.2982e-01,  0.724,298.180,  749.8,1000.0
 1.2543e-01,  0.698,298.180,  750.1,1000.0
 1.2117e-01,  0.672,298.180,  750.4,1000.0
 1.1650e-01,  0.646,298.180,  750.7,1000.0
 1.1218e-01,  0.620,298.180,  751.0,1000.0
 1.0779e-01,  0.595,298.180,  751.4,1000.0
 1.0359e-01,  0.569,298.180,  751.7,1000.0
 9.9220e-02,  0.543,298.210,  752.0,1000.0
 9.4880e-02,  0.517,298.210,  752.3,1000.0
 9.0440e-02,  0.491,298.180,  752.6,1000.0
 8.5910e-02,  0.465,298.210,  753.0,1000.0
 8.1510e-02,  0.439,298.210,  753.3,1000.0
 7.7310e-02,  0.413,298.210,  753.6,1000.0
 7.2980e-02,  0.387,298.210,  753.9,1000.0
 6.8630e-02,  0.361,298.210,  754.2,1000.0
 6.4240e-02,  0.336,298.210,  754.6,1000.0
 5.9550e-02,  0.310,298.210,  754.9,1000.0
 5.5290e-02,  0.284,298.210,  755.2,1000.0
 5.0930e-02,  0.258,298.210,  755.5,1000.0
 4.6830e-02,  0.232,298.210,  755.8,1000.0
 4.2370e-02,  0.206,298.210,  756.2,1000.0
 3.7970e-02,  0.180,298.210,  756.5,1000.0
 3.3500e-02,  0.154,298.210,  756.8,1000.0
 2.9120e-02,  0.128,298.210,  757.1,1000.0
 2.4920e-02,  0.102,298.210,  757.4,1000.0
 2.0760e-02,  0.076,298.210,  757.8,1000.0
 1.6760e-02,  0.050,298.210,  758.1,1000.0
 1.2940e-02,  0.024,298.210,  758.4,1000.0
 1.0030e-02,  0.000,298.210,  758.7,1000.0
 8.4700e-03,  0.000,298.210,  759.0,1000.0
 8.0100e-03,  0.000,298.210,  759.4,1000.0
 7.9500e-03,  0.000,298.210,  759.7,1000.0
 7.8900e-03,  0.000,298.210,  760.0,1000.0
 7.8600e-03,  0.000,298.210,  760.3,1000.0
 7.7800e-03,  0.000,298.210,  760.6,1000.0
 7.8500e-03,  0.000,298.210,  761.0,1000.0
 7.9200e-03,  0.000,298.210,  761.3,1000.0
 8.0000e-03,  0.000,298.210,  761.6,1000.0
 7.9300e-03,  0.000,298.210,  761.9,1000.0
 7.9600e-03,  0.000,298.210,  762.2,1000.0
 7.8400e-03,  0.000,298.210,  762.6,1000.0
 7.8100e-03,  0.000,298.210,  762.9,1000.0
 7.6800e-03,  0.000,298.210,  763.2,1000.0
 7.6900e-03,  0.000,298.210,  763.5,1000.0
 7.8100e-03,  0.000,298.230,  763.8,1000.0
 7.8800e-03,  0.000,298.230,  764.2,1000.0
 7.9400e-03,  0.000,298.230,  764.5,1000.0
 7.9500e-03,  0.000,298.230,  764.8,1000.0
 7.8800e-03,  0.000,298.230,  765.1,1000.0
 7.8100e-03,  0.000,298.230,  765.4,1000.0
 7.7900e-03,  0.000,298.230,  765.8,1000.0
 7.7200e-03,  0.000,298.230,  766.1,1000.0
 7.8200e-03,  0.000,298.230,  766.4,1000.0
 7.8100e-03,  0.000,298.230,  766.7,1000.0
 7.8500e-03,  0.000,298.230,  767.0,1000.0
 7.8000e-03,  0.000,298.230,  767.4,1000.0
 7.8200e-03,  0.000,298.230,  767.7,1000.0
 7.7900e-03,  0.000,298.230,  768.0,1000.0
 7.8500e-03,  0.000,298.230,  768.3,1000.0
 7.7700e-03,  0.000,298.230,  768.6,1000.0
 7.8400e-03,  0.000,298.230,  769.0,1000.0
 7.8400e-03,  0.000,298.230,  769.3,1000.0
 7.8500e-03,  0.000,298.230,  769.6,1000.0
 7.8000e-03,  0.000,298.230,  769.9,1000.0
 7.8100e-03,  0.000,298.230,  770.2,1000.0
 7.8500e-03,  0.000,298.230,  770.6,1000.0
 7.7800e-03,  0.000,298.230,  770.9,1000.0
 7.8200e-03,  0.000,298.230,  771.2,1000.0
 7.7700e-03,  0.000,298.230,  771.5,1000.0
 7.8500e-03,  0.000,298.230,  771.8,1000.0
 7.8700e-03,  0.000,298.230,  772.2,1000.0
 7.8900e-03,  0.000,298.230,  772.5,1000.0
 7.8500e-03,  0.000,298.230,  772.8,1000.0
 7.7700e-03,  0.000,298.230,  773.1,1000.0
 7.7400e-03,  0.000,298.230,  773.4,1000.0
 7.7200e-03,  0.000,298.230,  773.8,1000.0
 7.7400e-03,  0.000,298.230,  774.1,1000.0
 7.7800e-03,  0.000,298.260,  774.4,1000.0
 7.9800e-03,  0.000,298.260,  774.7,1000.0
 7.9400e-03,  0.000,298.260,  775.0,1000.0
 7.8900e-03,  0.000,298.260,  775.4,1000.0
 7.7500e-03,  0.000,298.260,  775.7,1000.0
 7.7600e-03,  0.000,298.260,  776.0,1000.0
 7.6300e-03,  0.000,298.260,  776.3,1000.0
 7.6900e-03,  0.000,298.260,  776.6,1000.0
 7.8000e-03,  0.000,298.260,  777.0,1000.0
 7.9000e-03,  0.000,298.260,  777.3,1000.0
 7.8300e-03,  0.000,298.260,  777.6,1000.0
 7.8600e-03,  0.000,298.260,  777.9,1000.0
 7.7600e-03,  0.000,298.260,  778.2,1000.0
 7.7400e-03,  0.000,298.260,  778.5,1000.0
 7.6600e-03,  0.000,298.260,  778.9,1000.0
 7.7400e-03,  0.000,298.260,  779.2,1000.0
 7.7700e-03,  0.000,298.260,  779.5,1000.0
 7.7600e-03,  0.000,298.260,  779.8,1000.0
 7.7700e-03,  0.000,298.260,  780.2,1000.0
 7.7600e-03,  0.000,298.260,  780.5,1000.0
 7.7900e-03,  0.000,298.260,  780.8,1000.0
 7.7400e-03,  0.000,298.260,  781.1,1000.0
 7.7000e-03,  0.000,298.260,  781.4,1000.0
 7.7400e-03,  0.000,298.260,  781.8,1000.0
 7.7900e-03,  0.000,298.260,  782.1,1000.0
 7.7300e-03,  0.000,298.260,  782.4,1000.0
 7.8300e-03,  0.000,298.260,  782.7,1000.0
 7.7800e-03,  0.000,298.260,  783.0,1000.0
 7.8100e-03,  0.000,298.260,  783.4,1000.0
 7.7400e-03,  0.000,298.260,  783.7,1000.0
 7.7800e-03,  0.000,298.260,  784.0,1000.0
 7.7700e-03,  0.000,298.260,  784.3,1000.0
 7.7200e-03,  0.000,298.260,  784.6,1000.0
 7.8300e-03,  0.000,298.260,  785.0,1000.0
 7.8600e-03,  0.000,298.280,  785.3,1000.0
 7.9100e-03,  0.000,298.280,  785.6,1000.0
 7.8000e-03,  0.000,298.280,  785.9,1000.0
 7.7500e-03,  0.000,298.280,  786.2,1000.0
 7.6600e-03,  0.000,298.280,  786.5,1000.0
 7.7400e-03,  0.000,298.280,  786.9,1000.0
 7.7000e-03,  0.000,298.280,  787.2,1000.0
 7.8700e-03,  0.000,298.280,  787.5,1000.0
 7.8600e-03,  0.000,298.280,  787.8,1000.0
 7.9000e-03,  0.000,298.280,  788.1,1000.0
 7.7800e-03,  0.000,298.280,  788.5,1000.0
 7.7800e-03,  0.000,298.280,  788.8,1000.0
 7.6600e-03,  0.000,298.280,  789.1,1000.0
 7.6900e-03,  0.000,298.280,  789.4,1000.0
 7.7600e-03,  0.000,298.280,  789.8,1000.0
 7.8400e-03,  0.000,298.280,  790.1,1000.0
 7.8900e-03,  0.000,298.280,  790.4,1000.0
 7.8100e-03,  0.000,298.280,  790.7,1000.0
 7.7300e-03,  0.000,298.280,  791.0,1000.0
 7.6700e-03,  0.000,298.280,  791.4,1000.0
 7.8200e-03,  0.000,298.280,  791.7,1000.0
 7.6900e-03,  0.000,298.280,  792.0,1000.0
 7.7700e-03,  0.000,298.280,  792.3,1000.0
 7.7500e-03,  0.000,298.280,  792.6,1000.0
 7.9000e-03,  0.000,298.280,  793.0,1000.0
 7.8100e-03,  0.000,298.280,  793.3,1000.0
 7.8300e-03,  0.000,298.280,  793.6,1000.0
 7.6800e-03,  0.000,298.280,  793.9,1000.0
 7.7700e-03,  0.000,298.280,  794.2,1000.0
 7.7700e-03,  0.000,298.280,  794.5,1000.0
 7.8200e-03,  0.000,298.280,  794.9,1000.0
 7.8300e-03,  0.000,298.280,  795.2,1000.0
 7.8700e-03,  0.000,298.280,  795.5,1000.0
 7.8300e-03,  0.000,298.280,  795.8,1000.0
 7.8200e-03,  0.000,298.280,  796.1,1000.0
 7.8000e-03,  0.000,298.280,  796.5,1000.0
 7.7000e-03,  0.000,298.280,  796.8,1000.0
 7.6700e-03,  0.000,298.280,  797.1,1000.0
 7.7200e-03,  0.000,298.280,  797.4,1000.0
 7.8200e-03,  0.000,298.280,  797.8,1000.0
 7.8100e-03,  0.000,298.280,  798.1,1000.0
 7.9000e-03,  0.000,298.310,  798.4,1000.0
 7.7800e-03,  0.000,298.310,  798.7,1000.0
 7.7600e-03,  0.000,298.310,  799.0,1000.0
 7.7100e-03,  0.000,298.310,  799.4,1000.0
 7.6200e-03,  0.000,298.310,  799.7,1000.0
 7.6800e-03,  0.000,298.310,  800.0,1000.0
 7.8300e-03,  0.000,298.310,  800.3,1000.0
 7.8800e-03,  0.000,298.310,  800.6,1000.0
 7.8500e-03,  0.000,298.310,  801.0,1000.0
 7.8000e-03,  0.000,298.310,  801.3,1000.0
 7.7600e-03,  0.000,298.310,  801.6,1000.0
 7.6800e-03,  0.000,298.310,  801.9,1000.0
 7.7300e-03,  0.000,298.310,  802.2,1000.0
 7.8100e-03,  0.000,298.310,  802.5,1000.0
 7.7200e-03,  0.000,298.310,  802.9,1000.0
 7.8300e-03,  0.000,298.310,  803.2,1000.0
 7.7700e-03,  0.000,298.310,  803.5,1000.0
 7.8600e-03,  0.000,298.310,  803.8,1000.0
 7.7600e-03,  0.000,298.310,  804.1,1000.0
